Training Time: 2.5045388
Testing Time: 0.6475132
Accuracy: 1.0
Precision: 1.0
Recall: 1.0
