Training Time: 0.0426799
Testing Time: 0.0164665
Accuracy: 1.0
Precision: 1.0
Recall: 1.0
