Training Time: 69.074776
Testing Time: 0.1950572
Accuracy: 1.0
Precision: 1.0
Recall: 1.0
