Training Time: 0.0385137
Testing Time: 0.0110606
Accuracy: 0.7
Precision: 0.6666666666666666
Recall: 0.8
