Training Time: 34.89978
Testing Time: 0.091149904
Accuracy: 0.6
Precision: 0.5833333333333334
Recall: 0.7
