Training Time: 187.4351
Testing Time: 0.8416424
Accuracy: 0.75
Precision: 0.8571428571428571
Recall: 0.6
