Training Time: 1.6081071
Testing Time: 0.1573675
Accuracy: 0.65
Precision: 0.6153846153846154
Recall: 0.8
