Training Time: 6.9804206
Testing Time: 0.75329524
Accuracy: 0.525974025974026
Precision: 0.2692307692307692
Recall: 0.2413793103448276
