Training Time: 86.34825
Testing Time: 1.1285564
Accuracy: 0.6038961038961039
Precision: 0.4444444444444444
Recall: 0.27586206896551724
