Training Time: 276.9608
Testing Time: 0.55966735
Accuracy: 0.5194805194805194
Precision: 0.34615384615384615
Recall: 0.3103448275862069
