Training Time: 18.140007
Testing Time: 1.1914961
Accuracy: 0.525974025974026
Precision: 0.2692307692307692
Recall: 0.2413793103448276
