Training Time: 155.04523
Testing Time: 10.525253
Accuracy: 0.7482014388489209
Precision: 0.0
Recall: 0.0
