Training Time: 1463.1777
Testing Time: 4.0670133
Accuracy: 0.7482014388489209
Precision: 0.0
Recall: 0.0
