Training Time: 9719.117
Testing Time: 41.043465
Accuracy: 0.7410071942446043
Precision: 0.0
Recall: 0.0
