Training Time: 78249.984
Testing Time: 1.0232846
Accuracy: 0.7482014388489209
Precision: 0.0
Recall: 0.0
