Training Time: 3833.469
Testing Time: 63.182247
Accuracy: 0.7410071942446043
Precision: 0.3333333333333333
Recall: 0.02857142857142857
