Training Time: 480.98132
Testing Time: 0.23046461
Accuracy: 0.7482014388489209
Precision: 0.0
Recall: 0.0
