Training Time: 44.76687
Testing Time: 1.5607584
Accuracy: 0.7482014388489209
Precision: 0.5
Recall: 0.02857142857142857
