Training Time: 1.1932917
Testing Time: 0.2129011
Accuracy: 0.7553956834532374
Precision: 1.0
Recall: 0.02857142857142857
