Training Time: 4709.445
Testing Time: 6.2521353
Accuracy: 0.7482014388489209
Precision: 0.0
Recall: 0.0
