Training Time: 45713.477
Testing Time: 94.63661
Accuracy: 0.7553956834532374
Precision: 1.0
Recall: 0.02857142857142857
