Training Time: 4.040998
Testing Time: 0.26165822
Accuracy: 0.5324675324675324
Precision: 0.3333333333333333
Recall: 0.3103448275862069
