Training Time: 0.66231185
Testing Time: 0.0385629
Accuracy: 0.551948051948052
Precision: 0.4
Recall: 0.3448275862068966
