Training Time: 50.52895
Testing Time: 0.9370658
Accuracy: 0.551948051948052
Precision: 0.47368421052631576
Recall: 0.3103448275862069
