Training Time: 187.37556
Testing Time: 0.074347
Accuracy: 0.5
Precision: 0.32142857142857145
Recall: 0.3103448275862069
