Training Time: 119394.56
Testing Time: 14.466132
Accuracy: 0.5454545454545454
Precision: 0.37037037037037035
Recall: 0.3448275862068966
