Training Time: 11.089391
Testing Time: 0.9519867
Accuracy: 0.525974025974026
Precision: 0.375
Recall: 0.3103448275862069
