Training Time: 917.1319
Testing Time: 50.169575
Accuracy: 0.5974025974025974
Precision: 0.4444444444444444
Recall: 0.27586206896551724
