Training Time: 218.74559
Testing Time: 0.0733584
Accuracy: 0.5064935064935064
Precision: 0.3448275862068966
Recall: 0.3448275862068966
