Training Time: 2.6464942
Testing Time: 0.0335043
Accuracy: 0.5324675324675324
Precision: 0.4090909090909091
Recall: 0.3103448275862069
