Training Time: 0.809688
Testing Time: 0.1205611
Accuracy: 0.7792207792207793
Precision: 1.0
Recall: 0.5
