Training Time: 522.2199
Testing Time: 1.5091176
Accuracy: 0.5584415584415584
Precision: 1.0
Recall: 0.5
