Training Time: 102.23236
Testing Time: 6.0694056
Accuracy: 0.5584415584415584
Precision: 1.0
Recall: 0.5
