Training Time: 1.1958625
Testing Time: 2.1210265
Accuracy: 0.9368888888888889
Precision: 0.7727272727272727
Recall: 0.2914285714285714
