Training Time: 790.43945
Testing Time: 104.47349
Accuracy: 0.9433333333333334
Precision: 0.8088235294117647
Recall: 0.3142857142857143
