Training Time: 3229.984
Testing Time: 24.282536
Accuracy: 0.9366666666666666
Precision: 0.25
Recall: 0.045454545454545456
