Training Time: 197.12952
Testing Time: 450.6845
Accuracy: 0.9413333333333334
Precision: 1.0
Recall: 0.045454545454545456
