Training Time: 0.76206064
Testing Time: 0.0335092
Accuracy: 0.824390243902439
Precision: 0.9393939393939394
Recall: 0.93
