Training Time: 83.10206
Testing Time: 0.44375432
Accuracy: 0.8146341463414634
Precision: 0.8846153846153846
Recall: 0.92
