Training Time: 0.0458167
Testing Time: 0.023543
Accuracy: 0.9
Precision: 0.8333333333333334
Recall: 1.0
