Training Time: 7.510389
Testing Time: 0.492591
Accuracy: 0.95
Precision: 1.0
Recall: 0.9
