Training Time: 12.266585
Testing Time: 2.369788
Accuracy: 0.8682926829268293
Precision: 0.93
Recall: 0.93
