Training Time: 29.01094
Testing Time: 0.6692897
Accuracy: 0.551948051948052
Precision: 0.6153846153846154
Recall: 0.27586206896551724
