Training Time: 131.60283
Testing Time: 0.3011077
Accuracy: 0.487012987012987
Precision: 0.34782608695652173
Recall: 0.27586206896551724
