Training Time: 5.2087746
Testing Time: 0.2854122
Accuracy: 0.487012987012987
Precision: 0.375
Recall: 0.3103448275862069
