Training Time: 1.4024557
Testing Time: 0.1216625
Accuracy: 0.5333333333333333
Precision: 0.6363636363636364
Recall: 0.15555555555555556
