Training Time: 36.953037
Testing Time: 0.86070734
Accuracy: 0.6388888888888888
Precision: 0.6126126126126126
Recall: 0.7555555555555555
