Training Time: 355.83942
Testing Time: 40.973587
Accuracy: 0.4888888888888889
Precision: 0.4827586206896552
Recall: 0.3111111111111111
