Training Time: 19.027977
Testing Time: 0.35772142
Accuracy: 0.4888888888888889
Precision: 0.4852941176470588
Recall: 0.36666666666666664
