Training Time: 1.1269542
Testing Time: 1.8661574
Accuracy: 0.5166666666666667
Precision: 0.5161290322580645
Recall: 0.5333333333333333
