Training Time: 2.2305331
Testing Time: 0.0240965
Accuracy: 0.8
Precision: 1.0
Recall: 0.6
