Training Time: 0.0406626
Testing Time: 0.0131507
Accuracy: 0.7
Precision: 0.6666666666666666
Recall: 0.8
