Training Time: 78.05874
Testing Time: 0.1031712
Accuracy: 0.8
Precision: 0.875
Recall: 0.7
