Training Time: 3.3578827
Testing Time: 0.1402002
Accuracy: 0.8
Precision: 1.0
Recall: 0.6
