Training Time: 299.74634
Testing Time: 1.0065914
Accuracy: 1.0
Precision: 1.0
Recall: 1.0
