Training Time: 2.5244546
Testing Time: 0.2063366
Accuracy: 0.8144329896907216
Precision: 0.8275862068965517
Recall: 0.5217391304347826
