Training Time: 39.50752
Testing Time: 1.2339439
Accuracy: 0.7835051546391752
Precision: 0.8085106382978723
Recall: 0.41304347826086957
