Training Time: 191.95161
Testing Time: 1.0930549
Accuracy: 0.8316151202749141
Precision: 0.8028169014084507
Recall: 0.6195652173913043
