Training Time: 7.9287333
Testing Time: 0.7590158
Accuracy: 0.7338129496402878
Precision: 0.8166666666666667
Recall: 0.7538461538461538
