Training Time: 0.68598866
Testing Time: 0.0508436
Accuracy: 0.697841726618705
Precision: 0.7931034482758621
Recall: 0.7076923076923077
