Training Time: 91361.086
Testing Time: 21.551826
Accuracy: 0.7266187050359713
Precision: 0.8363636363636363
Recall: 0.7076923076923077
