Training Time: 20.259579
Testing Time: 1.4978503
Accuracy: 0.697841726618705
Precision: 0.7966101694915254
Recall: 0.7230769230769231
