Training Time: 1.4192961
Testing Time: 0.2990009
Accuracy: 0.9351351351351351
Precision: 0.8698630136986302
Recall: 0.9621212121212122
