Training Time: 3661.352
Testing Time: 27.554585
Accuracy: 0.9702702702702702
Precision: 0.9416058394160584
Recall: 0.9772727272727273
