Training Time: 17302.432
Testing Time: 45.62128
Accuracy: 0.9594594594594594
Precision: 0.927007299270073
Recall: 0.9621212121212122
