Training Time: 1687.1793
Testing Time: 94.94436
Accuracy: 0.972972972972973
Precision: 0.9485294117647058
Recall: 0.9772727272727273
