Training Time: 20.039719
Testing Time: 2.6019235
Accuracy: 0.7246376811594203
Precision: 0.8305084745762712
Recall: 0.4260869565217391
