Training Time: 223.83804
Testing Time: 3.8337948
Accuracy: 0.6956521739130435
Precision: 0.7627118644067796
Recall: 0.391304347826087
