Training Time: 1200.3336
Testing Time: 2.7318497
Accuracy: 0.7862318840579711
Precision: 0.7978723404255319
Recall: 0.6521739130434783
