Training Time: 142215.27
Testing Time: 2.8128145
Accuracy: 0.7608695652173914
Precision: 0.7634408602150538
Recall: 0.6173913043478261
