Training Time: 0.0494409
Testing Time: 0.0854973
Accuracy: 0.6222961730449251
Precision: 0.5323590814196242
Recall: 0.9883720930232558
