Training Time: 1.6074462
Testing Time: 0.67145294
Accuracy: 0.4292845257903494
Precision: 0.4292845257903494
Recall: 1.0
