Training Time: 11.276699
Testing Time: 1.9165242
Accuracy: 0.7720465890183028
Precision: 0.6547314578005116
Recall: 0.9922480620155039
