Training Time: 4794.7466
Testing Time: 1.3347862
Accuracy: 0.7820299500831946
Precision: 0.6657963446475196
Recall: 0.9883720930232558
