Training Time: 0.0914271
Testing Time: 0.1307474
Accuracy: 0.6772046589018302
Precision: 0.5720720720720721
Recall: 0.9844961240310077
