Training Time: 19.166452
Testing Time: 2.631085
Accuracy: 0.7355072463768116
Precision: 0.7692307692307693
Recall: 0.5217391304347826
