Training Time: 1.2873656
Testing Time: 0.098244704
Accuracy: 0.7934782608695652
Precision: 0.8020833333333334
Recall: 0.6695652173913044
