Training Time: 1254.0598
Testing Time: 3.012875
Accuracy: 0.7971014492753623
Precision: 0.8172043010752689
Recall: 0.6608695652173913
