Training Time: 139234.23
Testing Time: 28.234852
Accuracy: 0.7971014492753623
Precision: 0.8105263157894737
Recall: 0.6695652173913044
