Training Time: 0.0978202
Testing Time: 0.0127978
Accuracy: 0.6333333333333333
Precision: 0.7058823529411765
Recall: 0.6
