Training Time: 6.750866
Testing Time: 0.1139226
Accuracy: 0.8
Precision: 0.7037037037037037
Recall: 0.95
