Training Time: 6.527372
Testing Time: 1.1684781
Accuracy: 0.9333333333333333
Precision: 1.0
Recall: 1.0
