Training Time: 388.076
Testing Time: 10.864334
Accuracy: 0.8833333333333333
Precision: 0.8695652173913043
Recall: 1.0
