Training Time: 0.73848903
Testing Time: 0.0433914
Accuracy: 0.7266187050359713
Precision: 0.8367346938775511
Recall: 0.6307692307692307
