Training Time: 0.7133563
Testing Time: 0.0263683
Accuracy: 0.6906474820143885
Precision: 0.8181818181818182
Recall: 0.6923076923076923
