Training Time: 13.470109
Testing Time: 0.22100979
Accuracy: 0.7266187050359713
Precision: 0.9090909090909091
Recall: 0.6153846153846154
