Training Time: 52.466454
Testing Time: 0.2166816
Accuracy: 0.7122302158273381
Precision: 0.7846153846153846
Recall: 0.7846153846153846
