Training Time: 93213.73
Testing Time: 0.18602781
Accuracy: 0.6906474820143885
Precision: 0.84
Recall: 0.6461538461538462
