Training Time: 1.7971468
Testing Time: 0.13108231
Accuracy: 0.7338129496402878
Precision: 0.8571428571428571
Recall: 0.6461538461538462
