Training Time: 32.974697
Testing Time: 0.2356676
Accuracy: 0.625
Precision: 0.5555555555555556
Recall: 0.38461538461538464
