Training Time: 0.19021821
Testing Time: 0.0938356
Accuracy: 0.546875
Precision: 0.4117647058823529
Recall: 0.2692307692307692
