Training Time: 698.2921
Testing Time: 1.2946395
Accuracy: 0.546875
Precision: 0.4117647058823529
Recall: 0.2692307692307692
