Training Time: 5565.1626
Testing Time: 2.5471067
Accuracy: 0.578125
Precision: 0.48148148148148145
Recall: 0.5
