Training Time: 0.038839
Testing Time: 0.30317172
Accuracy: 0.9215686274509803
Precision: 0.9032258064516129
Recall: 0.9655172413793104
