Training Time: 239.66402
Testing Time: 2.3128097
Accuracy: 0.9019607843137255
Precision: 0.9456521739130435
Recall: 1.0
