Training Time: 84.77477
Testing Time: 0.1316804
Accuracy: 1.0
Precision: 1.0
Recall: 1.0
