Training Time: 0.7863471
Testing Time: 0.0289844
Accuracy: 0.7482014388489209
Precision: 0.0
Recall: 0.0
