Training Time: 0.0741998
Testing Time: 0.0317517
Accuracy: 0.7333333333333333
Precision: 0.8461538461538461
Recall: 0.9166666666666666
