Training Time: 11427.509
Testing Time: 0.7649818
Accuracy: 0.9
Precision: 0.8461538461538461
Recall: 0.9166666666666666
