Training Time: 19.720888
Testing Time: 1.0673586
Accuracy: 0.8666666666666667
Precision: 0.9166666666666666
Recall: 0.9166666666666666
