Training Time: 246.39076
Testing Time: 5.1393657
Accuracy: 0.7532467532467533
Precision: 0.6590909090909091
Recall: 0.8787878787878788
