Training Time: 0.6972034
Testing Time: 0.1554938
Accuracy: 0.7792207792207793
Precision: 0.75
Recall: 0.7272727272727273
