Training Time: 1126.0073
Testing Time: 2.9551568
Accuracy: 0.7560975609756098
Precision: 0.8765432098765432
Recall: 0.9861111111111112
