Training Time: 0.0070252
Testing Time: 0.0042486
Accuracy: 0.46921797004991683
Precision: 0.44563279857397503
Recall: 0.9689922480620154
