Training Time: 0.0240041
Testing Time: 0.0400197
Accuracy: 0.6006655574043261
Precision: 0.5182186234817814
Recall: 0.9922480620155039
