Training Time: 6.0421486
Testing Time: 0.61136717
Accuracy: 0.7553956834532374
Precision: 0.8727272727272727
Recall: 0.7384615384615385
