Training Time: 71.013016
Testing Time: 1.2426721
Accuracy: 0.7697841726618705
Precision: 0.8653846153846154
Recall: 0.6923076923076923
