Training Time: 403.34543
Testing Time: 1.6230557
Accuracy: 0.7050359712230215
Precision: 0.8235294117647058
Recall: 0.6461538461538462
