Training Time: 3.9354107
Testing Time: 0.48849243
Accuracy: 0.8213058419243986
Precision: 0.7857142857142857
Recall: 0.5978260869565217
