Training Time: 52.890545
Testing Time: 1.9051261
Accuracy: 0.8384879725085911
Precision: 0.9591836734693877
Recall: 0.5108695652173914
