Training Time: 11.490272
Testing Time: 0.85279536
Accuracy: 0.8213058419243986
Precision: 0.7857142857142857
Recall: 0.5978260869565217
