Training Time: 2.1017227
Testing Time: 0.0126627
Accuracy: 0.5625
Precision: 0.45454545454545453
Recall: 0.38461538461538464
