Training Time: 333.33972
Testing Time: 0.32312602
Accuracy: 0.578125
Precision: 0.48148148148148145
Recall: 0.5
