Training Time: 0.2753886
Testing Time: 0.018258
Accuracy: 0.9238095238095239
Precision: 0.8181818181818182
Recall: 0.9
