Training Time: 0.1551886
Testing Time: 0.0121745
Accuracy: 0.9714285714285714
Precision: 1.0
Recall: 0.9
