Training Time: 6.7866907
Testing Time: 0.1656544
Accuracy: 0.9523809523809523
Precision: 1.0
Recall: 0.9
