Training Time: 28271.975
Testing Time: 0.56728154
Accuracy: 0.9428571428571428
Precision: 1.0
Recall: 0.9
