Training Time: 0.6727895
Testing Time: 0.067611694
Accuracy: 0.9333333333333333
Precision: 0.75
Recall: 0.9
