Training Time: 27.783861
Testing Time: 4.1009765
Accuracy: 0.8487972508591065
Precision: 0.8636363636363636
Recall: 0.6195652173913043
