Training Time: 1579.7404
Testing Time: 3.854182
Accuracy: 0.872852233676976
Precision: 0.9230769230769231
Recall: 0.6521739130434783
