Training Time: 16.115023
Testing Time: 2.0507324
Accuracy: 0.5844155844155844
Precision: 0.3888888888888889
Recall: 0.2413793103448276
