Training Time: 0.8116145
Testing Time: 0.0640894
Accuracy: 0.5844155844155844
Precision: 0.4090909090909091
Recall: 0.3103448275862069
