Training Time: 884.88464
Testing Time: 2.083737
Accuracy: 0.577922077922078
Precision: 0.47058823529411764
Recall: 0.27586206896551724
