Training Time: 116767.57
Testing Time: 15.951657
Accuracy: 0.6038961038961039
Precision: 0.5384615384615384
Recall: 0.2413793103448276
