Training Time: 53.576797
Testing Time: 4.4886365
Accuracy: 0.5844155844155844
Precision: 0.35
Recall: 0.2413793103448276
