Training Time: 0.750858
Testing Time: 0.0758054
Accuracy: 0.8341463414634146
Precision: 0.93
Recall: 0.93
