Training Time: 0.694227
Testing Time: 0.0684649
Accuracy: 0.8341463414634146
Precision: 0.9393939393939394
Recall: 0.93
