Training Time: 246.93663
Testing Time: 3.4824297
Accuracy: 0.848780487804878
Precision: 0.9393939393939394
Recall: 0.93
