Training Time: 423.79678
Testing Time: 9.857862
Accuracy: 0.792
Precision: 0.7786259541984732
Recall: 0.816
