Training Time: 1.7572763
Testing Time: 2.6874452
Accuracy: 0.9894548994159637
Precision: 0.9658385093167702
Recall: 0.9353383458646617
