Training Time: 418.78738
Testing Time: 3.2932556
Accuracy: 0.9923750811161584
Precision: 0.9625748502994012
Recall: 0.9669172932330827
