Training Time: 15.180581
Testing Time: 0.14928031
Accuracy: 0.5740740740740741
Precision: 0.5769230769230769
Recall: 0.5555555555555556
