Training Time: 724.43585
Testing Time: 44.18403
Accuracy: 0.5584415584415584
Precision: 1.0
Recall: 0.5
