Training Time: 108741.75
Testing Time: 223.54214
Accuracy: 0.7142857142857143
Precision: 0.8
Recall: 0.5
