Training Time: 63619.188
Testing Time: 4.41491
Accuracy: 0.676
Precision: 0.6506849315068494
Recall: 0.76
