Training Time: 0.55143505
Testing Time: 0.0831936
Accuracy: 0.6883116883116883
Precision: 0.6551724137931034
Recall: 0.5757575757575758
