Training Time: 2901.0105
Testing Time: 2.7121506
Accuracy: 0.6883116883116883
Precision: 0.6097560975609756
Recall: 0.7575757575757576
