Training Time: 0.2231808
Testing Time: 0.7999099
Accuracy: 0.9183006535947712
Precision: 1.0
Recall: 1.0
