Training Time: 7.006117
Testing Time: 0.5791642
Accuracy: 0.8921568627450981
Precision: 0.9886363636363636
Recall: 1.0
