Training Time: 20.647612
Testing Time: 2.338776
Accuracy: 0.8954248366013072
Precision: 0.8736842105263158
Recall: 0.9540229885057471
