Training Time: 36.38479
Testing Time: 1.3514588
Accuracy: 0.5844155844155844
Precision: 0.5081967213114754
Recall: 0.9393939393939394
