Training Time: 0.5523369
Testing Time: 0.0689476
Accuracy: 0.7272727272727273
Precision: 0.7
Recall: 0.6363636363636364
