Training Time: 101.604485
Testing Time: 3.0487943
Accuracy: 0.5974025974025974
Precision: 0.5172413793103449
Recall: 0.9090909090909091
