Training Time: 5.96026
Testing Time: 0.36856028
Accuracy: 0.4805194805194805
Precision: 0.9130434782608695
Recall: 1.0
