Training Time: 478.63596
Testing Time: 1.9348276
Accuracy: 0.512987012987013
Precision: 0.9545454545454546
Recall: 1.0
