Training Time: 14.469144
Testing Time: 1.1921594
Accuracy: 0.4935064935064935
Precision: 0.9333333333333333
Recall: 1.0
