Training Time: 3.5960958
Testing Time: 1.5989676
Accuracy: 0.8307692307692308
Precision: 0.5333333333333333
Recall: 0.6666666666666666
