Training Time: 107.08923
Testing Time: 0.8952236
Accuracy: 0.8615384615384616
Precision: 0.5882352941176471
Recall: 0.8333333333333334
