Training Time: 645.10565
Testing Time: 23.660763
Accuracy: 0.8076923076923077
Precision: 0.4864864864864865
Recall: 0.75
