Training Time: 0.48552328
Testing Time: 0.0192748
Accuracy: 0.5
Precision: 0.0
Recall: 0.0
