Training Time: 0.1251596
Testing Time: 0.0208237
Accuracy: 0.5625
Precision: 0.4375
Recall: 0.2692307692307692
