Training Time: 102.59945
Testing Time: 0.0505141
Accuracy: 0.59375
Precision: 0.5
Recall: 0.4230769230769231
