Training Time: 35.19172
Testing Time: 3.0894103
Accuracy: 0.5584415584415584
Precision: 1.0
Recall: 0.5
