Training Time: 0.6198812
Testing Time: 0.0351464
Accuracy: 0.7402597402597403
Precision: 0.8
Recall: 0.5
