Training Time: 522.7471
Testing Time: 1.222887
Accuracy: 0.5584415584415584
Precision: 1.0
Recall: 0.5
