Training Time: 96.55619
Testing Time: 3.8549795
Accuracy: 0.5584415584415584
Precision: 1.0
Recall: 0.5
