Training Time: 4.8625145
Testing Time: 0.2174829
Accuracy: 0.5888888888888889
Precision: 0.6818181818181818
Recall: 0.3333333333333333
