Training Time: 0.0542054
Testing Time: 0.2473695
Accuracy: 0.7333333333333333
Precision: 0.723404255319149
Recall: 0.7555555555555555
