Training Time: 143.01105
Testing Time: 1.6778955
Accuracy: 0.5111111111111111
Precision: 0.5058823529411764
Recall: 0.9555555555555556
