Training Time: 1350.5917
Testing Time: 64.542366
Accuracy: 0.6333333333333333
Precision: 0.6463414634146342
Recall: 0.5888888888888889
