Training Time: 9.452305
Testing Time: 1.3846691
Accuracy: 0.5444444444444444
Precision: 0.5909090909090909
Recall: 0.28888888888888886
