Training Time: 15.638179
Testing Time: 1.4196408
Accuracy: 0.96
Precision: 0.8947368421052632
Recall: 0.8947368421052632
