Training Time: 0.1778265
Testing Time: 0.0698185
Accuracy: 1.0
Precision: 1.0
Recall: 1.0
