Training Time: 1700.2312
Testing Time: 8.088174
Accuracy: 0.98
Precision: 0.9047619047619048
Recall: 1.0
