Training Time: 33.051796
Testing Time: 5.0726023
Accuracy: 0.8487972508591065
Precision: 0.9285714285714286
Recall: 0.5652173913043478
