Training Time: 110.26501
Testing Time: 14.486872
Accuracy: 0.8384879725085911
Precision: 0.8947368421052632
Recall: 0.5543478260869565
