Training Time: 13.048766
Testing Time: 2.2737257
Accuracy: 1.0
Precision: 1.0
Recall: 1.0
