Training Time: 0.08615369
Testing Time: 0.1418698
Accuracy: 0.7769230769230769
Precision: 0.4358974358974359
Recall: 0.7083333333333334
