Training Time: 15.757824
Testing Time: 2.561741
Accuracy: 0.9615384615384616
Precision: 0.88
Recall: 0.9166666666666666
