Training Time: 3679.6091
Testing Time: 13.165022
Accuracy: 0.9384615384615385
Precision: 0.8636363636363636
Recall: 0.7916666666666666
