Training Time: 11.1658945
Testing Time: 7.077651
Accuracy: 0.9307692307692308
Precision: 0.7586206896551724
Recall: 0.9166666666666666
