Training Time: 0.87290204
Testing Time: 0.0650054
Accuracy: 0.7951219512195122
Precision: 0.8867924528301887
Recall: 0.94
