Training Time: 0.7430094
Testing Time: 0.0413965
Accuracy: 0.8146341463414634
Precision: 0.93
Recall: 0.93
