Training Time: 109212.375
Testing Time: 35.641186
Accuracy: 0.824390243902439
Precision: 0.93
Recall: 0.93
