Training Time: 0.8836736
Testing Time: 1.3872261
Accuracy: 0.9066666666666666
Precision: 0.7941176470588235
Recall: 0.15428571428571428
