Training Time: 0.9936025
Testing Time: 1.9592774
Accuracy: 0.9237777777777778
Precision: 0.7586206896551724
Recall: 0.25142857142857145
