Training Time: 15.042935
Testing Time: 6.8616114
Accuracy: 0.9217777777777778
Precision: 0.8723404255319149
Recall: 0.2342857142857143
