Training Time: 80.63869
Testing Time: 3.7965865
Accuracy: 0.9322222222222222
Precision: 0.2857142857142857
Recall: 0.09090909090909091
