Training Time: 1073.6797
Testing Time: 2.588741
Accuracy: 0.7804878048780488
Precision: 0.8780487804878049
Recall: 1.0
