Training Time: 50.150017
Testing Time: 5.2934422
Accuracy: 0.7658536585365854
Precision: 0.8780487804878049
Recall: 1.0
