Training Time: 1.2668405
Testing Time: 0.0515748
Accuracy: 0.8666666666666667
Precision: 0.8461538461538461
Recall: 0.9166666666666666
