Training Time: 0.0489872
Testing Time: 0.0097084
Accuracy: 0.7
Precision: 0.6875
Recall: 0.9166666666666666
