Training Time: 38.150227
Testing Time: 0.1177936
Accuracy: 0.8666666666666667
Precision: 0.9166666666666666
Recall: 0.9166666666666666
