Training Time: 152.00073
Testing Time: 1.5022584
Accuracy: 0.7666666666666667
Precision: 0.7333333333333333
Recall: 0.9166666666666666
