Training Time: 6210.8955
Testing Time: 5.8720536
Accuracy: 0.5844155844155844
Precision: 1.0
Recall: 0.5
