Training Time: 1305.5243
Testing Time: 13.411594
Accuracy: 0.5844155844155844
Precision: 1.0
Recall: 0.5
