Training Time: 0.1765552
Testing Time: 0.0687937
Accuracy: 1.0
Precision: 1.0
Recall: 1.0
