Training Time: 274.99866
Testing Time: 0.7890682
Accuracy: 0.94
Precision: 0.782608695652174
Recall: 0.9473684210526315
