Training Time: 27119.184
Testing Time: 14.23499
Accuracy: 0.96
Precision: 0.8636363636363636
Recall: 1.0
