Training Time: 49.86565
Testing Time: 6.675292
Accuracy: 0.717391304347826
Precision: 0.7846153846153846
Recall: 0.4434782608695652
