Training Time: 1.2481285
Testing Time: 0.1068028
Accuracy: 0.7644927536231884
Precision: 0.7777777777777778
Recall: 0.6086956521739131
