Training Time: 522.62115
Testing Time: 7.3319383
Accuracy: 0.6956521739130435
Precision: 0.7818181818181819
Recall: 0.3739130434782609
