Training Time: 2731.3162
Testing Time: 11.866778
Accuracy: 0.7608695652173914
Precision: 0.7634408602150538
Recall: 0.6173913043478261
