Training Time: 89.059326
Testing Time: 196.60434
Accuracy: 0.9930240103828682
Precision: 0.9905362776025236
Recall: 0.9443609022556391
