Training Time: 1140.9945
Testing Time: 203.67241
Accuracy: 0.9923750811161584
Precision: 0.9920382165605095
Recall: 0.9368421052631579
