Training Time: 2.7477634
Testing Time: 0.3688153
Accuracy: 1.0
Precision: 1.0
Recall: 1.0
