Training Time: 810.94684
Testing Time: 32.969086
Accuracy: 0.6222222222222222
Precision: 0.6341463414634146
Recall: 0.5777777777777777
