Training Time: 5.3802767
Testing Time: 0.4976582
Accuracy: 1.0
Precision: 1.0
Recall: 1.0
