Training Time: 1.4382412
Testing Time: 0.2879498
Accuracy: 0.9162162162162162
Precision: 0.8633093525179856
Recall: 0.9090909090909091
