Training Time: 3608.083
Testing Time: 22.96806
Accuracy: 0.9756756756756757
Precision: 0.9555555555555556
Recall: 0.9772727272727273
