Training Time: 810.44293
Testing Time: 2.0231853
Accuracy: 0.7482014388489209
Precision: 0.0
Recall: 0.0
