Training Time: 186.07143
Testing Time: 11.515994
Accuracy: 0.7482014388489209
Precision: 0.0
Recall: 0.0
