Training Time: 1.4374627
Testing Time: 0.4003413
Accuracy: 1.0
Precision: 1.0
Recall: 1.0
