Training Time: 121.421776
Testing Time: 0.0538104
Accuracy: 1.0
Precision: 1.0
Recall: 1.0
