Training Time: 3.1462734
Testing Time: 0.4788698
Accuracy: 1.0
Precision: 1.0
Recall: 1.0
