Training Time: 0.49723172
Testing Time: 0.0450672
Accuracy: 0.7532467532467533
Precision: 0.675
Recall: 0.8181818181818182
