Training Time: 4953.1606
Testing Time: 17.791702
Accuracy: 0.6493506493506493
Precision: 0.5833333333333334
Recall: 0.6363636363636364
