Training Time: 0.66600657
Testing Time: 0.1214197
Accuracy: 1.0
Precision: 1.0
Recall: 1.0
