Training Time: 0.17551969
Testing Time: 0.0354261
Accuracy: 0.9523809523809523
Precision: 1.0
Recall: 1.0
