Training Time: 12.265303
Testing Time: 0.2847054
Accuracy: 1.0
Precision: 1.0
Recall: 1.0
