Training Time: 1.5048523
Testing Time: 0.1579458
Accuracy: 1.0
Precision: 1.0
Recall: 1.0
