Training Time: 8.898324
Testing Time: 1.5164682
Accuracy: 1.0
Precision: 1.0
Recall: 1.0
