Training Time: 0.152788
Testing Time: 0.0604803
Accuracy: 1.0
Precision: 1.0
Recall: 1.0
