Training Time: 146.93727
Testing Time: 0.7915602
Accuracy: 1.0
Precision: 1.0
Recall: 1.0
