Training Time: 829.7305
Testing Time: 0.6659851
Accuracy: 0.98
Precision: 0.9047619047619048
Recall: 1.0
