Training Time: 24558.293
Testing Time: 12.195742
Accuracy: 0.98
Precision: 0.9047619047619048
Recall: 1.0
