Training Time: 22.819605
Testing Time: 3.2300613
Accuracy: 1.0
Precision: 1.0
Recall: 1.0
