Training Time: 8.006482
Testing Time: 1.4038788
Accuracy: 0.8536585365853658
Precision: 0.93
Recall: 0.93
