Training Time: 109.19509
Testing Time: 2.0561807
Accuracy: 0.8634146341463415
Precision: 0.9393939393939394
Recall: 0.93
