Training Time: 535.98785
Testing Time: 2.6486819
Accuracy: 0.848780487804878
Precision: 0.9207920792079208
Recall: 0.93
