Training Time: 114877.81
Testing Time: 3.4547083
Accuracy: 0.8634146341463415
Precision: 0.9393939393939394
Recall: 0.93
