Training Time: 147.73961
Testing Time: 363.65228
Accuracy: 0.9413333333333334
Precision: 1.0
Recall: 0.045454545454545456
