Training Time: 1.1600884
Testing Time: 0.19701129
Accuracy: 0.7410071942446043
Precision: 0.0
Recall: 0.0
