Training Time: 2556.4553
Testing Time: 72.18642
Accuracy: 0.7482014388489209
Precision: 0.0
Recall: 0.0
