Training Time: 1166.158
Testing Time: 0.6543488
Accuracy: 0.7482014388489209
Precision: 0.0
Recall: 0.0
