Training Time: 0.0911185
Testing Time: 0.039625
Accuracy: 0.6
Precision: 0.5555555555555556
Recall: 0.8333333333333334
