Training Time: 11690.964
Testing Time: 2.6864016
Accuracy: 0.5
Precision: 0.4782608695652174
Recall: 0.9166666666666666
