Training Time: 24.036327
Testing Time: 0.0090262
Accuracy: 0.5666666666666667
Precision: 0.6666666666666666
Recall: 0.5
