Training Time: 4177.118
Testing Time: 30.174797
Accuracy: 0.9366666666666666
Precision: 0.3333333333333333
Recall: 0.09090909090909091
