Training Time: 0.5575353
Testing Time: 0.058867
Accuracy: 0.8333333333333334
Precision: 0.9166666666666666
Recall: 0.9166666666666666
