Training Time: 0.0465719
Testing Time: 0.0080859
Accuracy: 0.7333333333333333
Precision: 0.9166666666666666
Recall: 0.9166666666666666
