Training Time: 18.930296
Testing Time: 0.08966751
Accuracy: 0.7666666666666667
Precision: 0.7333333333333333
Recall: 0.9166666666666666
