Training Time: 8075.535
Testing Time: 0.18252392
Accuracy: 0.7666666666666667
Precision: 0.9166666666666666
Recall: 0.9166666666666666
