Training Time: 0.0426104
Testing Time: 0.116269104
Accuracy: 0.7611111111111111
Precision: 0.7281553398058253
Recall: 0.8333333333333334
