Training Time: 96.145515
Testing Time: 10.220265
Accuracy: 0.6333333333333333
Precision: 0.7222222222222222
Recall: 0.43333333333333335
