Training Time: 0.6613709
Testing Time: 0.1315158
Accuracy: 0.7792207792207793
Precision: 0.7857142857142857
Recall: 0.6666666666666666
