Training Time: 23858.502
Testing Time: 41.975395
Accuracy: 0.7792207792207793
Precision: 0.7222222222222222
Recall: 0.7878787878787878
