Training Time: 8.886203
Testing Time: 0.0101761
Accuracy: 0.8761904761904762
Precision: 0.9090909090909091
Recall: 1.0
