Training Time: 41.36667
Testing Time: 1.0454955
Accuracy: 0.9640522875816994
Precision: 1.0
Recall: 0.9770114942528736
