Training Time: 0.91431606
Testing Time: 1.1496553
Accuracy: 0.8888888888888888
Precision: 1.0
Recall: 0.9655172413793104
