Training Time: 238.71588
Testing Time: 12.591981
Accuracy: 0.7792207792207793
Precision: 0.6904761904761905
Recall: 0.8787878787878788
