Training Time: 3618.6433
Testing Time: 5.389026
Accuracy: 0.8051948051948052
Precision: 0.7647058823529411
Recall: 0.7878787878787878
