Training Time: 731.8071
Testing Time: 22.573446
Accuracy: 0.7662337662337663
Precision: 0.6829268292682927
Recall: 0.8484848484848485
