Training Time: 546.5448
Testing Time: 6.0471144
Accuracy: 0.8666666666666667
Precision: 0.9166666666666666
Recall: 0.9166666666666666
