Training Time: 11.990659
Testing Time: 1.3752723
Accuracy: 0.551948051948052
Precision: 0.34615384615384615
Recall: 0.3103448275862069
