Training Time: 0.80229175
Testing Time: 0.0525168
Accuracy: 0.538961038961039
Precision: 0.38461538461538464
Recall: 0.3448275862068966
