Training Time: 156.77617
Testing Time: 1.9646254
Accuracy: 0.5714285714285714
Precision: 0.4
Recall: 0.27586206896551724
