Training Time: 802.1693
Testing Time: 3.0789125
Accuracy: 0.551948051948052
Precision: 0.45
Recall: 0.3103448275862069
