Training Time: 119575.18
Testing Time: 43.60259
Accuracy: 0.5584415584415584
Precision: 0.4
Recall: 0.27586206896551724
