Training Time: 0.073942
Testing Time: 0.0501269
Accuracy: 0.9333333333333333
Precision: 0.9324324324324325
Recall: 0.9324324324324325
