Training Time: 14.873273
Testing Time: 0.047498
Accuracy: 0.9466666666666667
Precision: 0.9459459459459459
Recall: 0.9459459459459459
