Training Time: 11919.406
Testing Time: 0.3068224
Accuracy: 0.98
Precision: 0.961038961038961
Recall: 1.0
