Training Time: 0.2637652
Testing Time: 0.12509249
Accuracy: 0.94
Precision: 0.9452054794520548
Recall: 0.9324324324324325
