Training Time: 26.831915
Testing Time: 0.8977785
Accuracy: 0.7853658536585366
Precision: 0.8780487804878049
Recall: 1.0
