Training Time: 230.83968
Testing Time: 6.2336884
Accuracy: 0.7482014388489209
Precision: 0.0
Recall: 0.0
