Training Time: 0.85100853
Testing Time: 0.0528575
Accuracy: 0.7553956834532374
Precision: 1.0
Recall: 0.02857142857142857
