Training Time: 2097.2283
Testing Time: 2.824113
Accuracy: 0.7482014388489209
Precision: 0.0
Recall: 0.0
