Training Time: 15156.085
Testing Time: 54.717117
Accuracy: 0.7482014388489209
Precision: 0.0
Recall: 0.0
