Training Time: 545.9087
Testing Time: 21.040638
Accuracy: 0.7482014388489209
Precision: 0.0
Recall: 0.0
