Training Time: 3.6263883
Testing Time: 0.24860409
Accuracy: 0.6992753623188406
Precision: 0.6702127659574468
Recall: 0.5478260869565217
