Training Time: 49.755447
Testing Time: 1.6992639
Accuracy: 0.6920289855072463
Precision: 0.7586206896551724
Recall: 0.3826086956521739
