Training Time: 153249.03
Testing Time: 44.669106
Accuracy: 0.6811594202898551
Precision: 0.6336633663366337
Recall: 0.5565217391304348
