Training Time: 9.1640005
Testing Time: 0.6347092
Accuracy: 0.7065217391304348
Precision: 0.7073170731707317
Recall: 0.5043478260869565
