Training Time: 1.5533271
Testing Time: 0.0378109
Accuracy: 0.75
Precision: 0.8571428571428571
Recall: 0.6
