Training Time: 36.0671
Testing Time: 0.0869254
Accuracy: 0.65
Precision: 0.7142857142857143
Recall: 0.5
