Training Time: 2.00526
Testing Time: 0.0218027
Accuracy: 0.75
Precision: 0.8571428571428571
Recall: 0.6
