Training Time: 17.931353
Testing Time: 0.0360893
Accuracy: 0.7
Precision: 0.8333333333333334
Recall: 0.5
