Training Time: 35.16992
Testing Time: 3.0530615
Accuracy: 0.5584415584415584
Precision: 1.0
Recall: 0.5
