Training Time: 4757.2886
Testing Time: 17.878347
Accuracy: 0.5844155844155844
Precision: 0.5555555555555556
Recall: 0.625
