Training Time: 95.39771
Testing Time: 3.8527586
Accuracy: 0.5584415584415584
Precision: 1.0
Recall: 0.5
