Training Time: 0.0311223
Testing Time: 0.101174094
Accuracy: 0.8235294117647058
Precision: 0.9285714285714286
Recall: 0.896551724137931
