Training Time: 14.561741
Testing Time: 0.1487276
Accuracy: 0.9444444444444444
Precision: 0.9885057471264368
Recall: 0.9885057471264368
