Training Time: 3061.9756
Testing Time: 1.9513556
Accuracy: 0.7810457516339869
Precision: 0.9315068493150684
Recall: 0.7816091954022989
