Training Time: 0.2244461
Testing Time: 0.4359824
Accuracy: 0.8071895424836601
Precision: 0.9259259259259259
Recall: 0.8620689655172413
