Training Time: 0.0540549
Testing Time: 0.02412
Accuracy: 0.94
Precision: 0.922077922077922
Recall: 0.9594594594594594
