Training Time: 4.5193624
Testing Time: 0.2151556
Accuracy: 0.9533333333333334
Precision: 0.9466666666666667
Recall: 0.9594594594594594
