Training Time: 21.985802
Testing Time: 0.0372435
Accuracy: 0.9466666666666667
Precision: 0.9459459459459459
Recall: 0.9459459459459459
