Training Time: 0.29090428
Testing Time: 0.11781631
Accuracy: 0.9533333333333334
Precision: 0.958904109589041
Recall: 0.9459459459459459
