Training Time: 3.240314
Testing Time: 0.73419535
Accuracy: 0.9642857142857143
Precision: 1.0
Recall: 0.9230769230769231
