Training Time: 0.0509105
Testing Time: 0.0269641
Accuracy: 1.0
Precision: 1.0
Recall: 1.0
