Training Time: 253.39975
Testing Time: 0.2805619
Accuracy: 1.0
Precision: 1.0
Recall: 1.0
