Training Time: 5611.6113
Testing Time: 0.2229355
Accuracy: 0.9642857142857143
Precision: 1.0
Recall: 0.9230769230769231
