Training Time: 6.750708
Testing Time: 0.5947456
Accuracy: 0.9642857142857143
Precision: 1.0
Recall: 0.9230769230769231
