Training Time: 413.80603
Testing Time: 10.329507
Accuracy: 0.74
Precision: 0.7380952380952381
Recall: 0.744
