Training Time: 0.9627353
Testing Time: 0.32232702
Accuracy: 0.696
Precision: 0.696
Recall: 0.696
