Training Time: 5881.556
Testing Time: 17.85273
Accuracy: 0.728
Precision: 0.7142857142857143
Recall: 0.76
