Training Time: 1.4014657
Testing Time: 1.0560892
Accuracy: 0.9837767683322518
Precision: 0.9638752052545156
Recall: 0.8827067669172932
