Training Time: 1093.7374
Testing Time: 2.256095
Accuracy: 0.9839390006489293
Precision: 0.9327217125382263
Recall: 0.9172932330827067
