Training Time: 4003.7185
Testing Time: 2088.8123
Accuracy: 0.9763140817650876
Precision: 0.9405772495755518
Recall: 0.8330827067669173
