Training Time: 380.29816
Testing Time: 2.0949287
Accuracy: 0.9904282933160286
Precision: 0.9675925925925926
Recall: 0.9428571428571428
