Training Time: 16.783514
Testing Time: 4.6045384
Accuracy: 0.9935107073329007
Precision: 0.9844961240310077
Recall: 0.9548872180451128
