Training Time: 0.18823539
Testing Time: 0.0605298
Accuracy: 0.95
Precision: 0.7916666666666666
Recall: 1.0
