Training Time: 26.617147
Testing Time: 2.871422
Accuracy: 1.0
Precision: 1.0
Recall: 1.0
