Training Time: 21.049875
Testing Time: 2.4779396
Accuracy: 0.551948051948052
Precision: 0.9545454545454546
Recall: 1.0
