Training Time: 261.17004
Testing Time: 2.4290993
Accuracy: 0.5714285714285714
Precision: 0.9545454545454546
Recall: 1.0
