Training Time: 62.471718
Testing Time: 3.887964
Accuracy: 0.5714285714285714
Precision: 0.9545454545454546
Recall: 1.0
