Training Time: 32.88926
Testing Time: 0.9073026
Accuracy: 1.0
Precision: 1.0
Recall: 1.0
