Training Time: 143.64255
Testing Time: 2.5662794
Accuracy: 0.9866666666666667
Precision: 0.9864864864864865
Recall: 0.9864864864864865
