Training Time: 2.985665
Testing Time: 1.3001918
Accuracy: 1.0
Precision: 1.0
Recall: 1.0
