Training Time: 6.166161
Testing Time: 0.7729075
Accuracy: 0.577922077922078
Precision: 0.47058823529411764
Recall: 0.27586206896551724
