Training Time: 76.39324
Testing Time: 1.6282613
Accuracy: 0.6298701298701299
Precision: 0.875
Recall: 0.2413793103448276
