Training Time: 377.98416
Testing Time: 1.7105359
Accuracy: 0.5909090909090909
Precision: 0.42105263157894735
Recall: 0.27586206896551724
