Training Time: 14.487753
Testing Time: 1.4144797
Accuracy: 0.5714285714285714
Precision: 0.4166666666666667
Recall: 0.3448275862068966
