Training Time: 34.33533
Testing Time: 0.6781211
Accuracy: 1.0
Precision: 1.0
Recall: 1.0
