Training Time: 4.8146963
Testing Time: 0.8264578
Accuracy: 1.0
Precision: 1.0
Recall: 1.0
