Training Time: 0.7692302
Testing Time: 0.20636849
Accuracy: 0.728
Precision: 0.7142857142857143
Recall: 0.76
