Training Time: 0.7952105
Testing Time: 0.0790484
Accuracy: 0.5266666666666666
Precision: 0.5272727272727272
Recall: 0.3918918918918919
