Training Time: 4.8380804
Testing Time: 0.0150172
Accuracy: 0.6533333333333333
Precision: 0.6774193548387096
Recall: 0.5675675675675675
