Training Time: 0.0411478
Testing Time: 0.0117934
Accuracy: 1.0
Precision: 1.0
Recall: 1.0
