Training Time: 0.7918577
Testing Time: 0.1045378
Accuracy: 0.9642857142857143
Precision: 1.0
Recall: 0.9230769230769231
