Training Time: 0.7142358
Testing Time: 0.1264821
Accuracy: 0.632
Precision: 0.6299212598425197
Recall: 0.64
