Training Time: 575.20795
Testing Time: 6.8681717
Accuracy: 0.612
Precision: 0.5933333333333334
Recall: 0.712
