Training Time: 8.382133
Testing Time: 0.2741027
Accuracy: 0.53125
Precision: 0.4090909090909091
Recall: 0.34615384615384615
