Training Time: 17.088165
Testing Time: 0.82342225
Accuracy: 0.515625
Precision: 0.3684210526315789
Recall: 0.2692307692307692
