Training Time: 84.8162
Testing Time: 0.1366524
Accuracy: 0.5
Precision: 0.38461538461538464
Recall: 0.38461538461538464
