Training Time: 3.183629
Testing Time: 0.5691635
Accuracy: 0.5625
Precision: 0.4375
Recall: 0.2692307692307692
