Training Time: 50.21464
Testing Time: 1.7322608
Accuracy: 0.8888888888888888
Precision: 0.9886363636363636
Recall: 1.0
