Training Time: 935.85925
Testing Time: 0.6640041
Accuracy: 0.8666666666666667
Precision: 0.8636363636363636
Recall: 0.95
