Training Time: 24.654303
Testing Time: 2.0587485
Accuracy: 0.9
Precision: 0.9090909090909091
Recall: 1.0
