Training Time: 36.39169
Testing Time: 8.28799
Accuracy: 0.9675675675675676
Precision: 0.9411764705882353
Recall: 0.9696969696969697
