Training Time: 1.2019787
Testing Time: 0.22040819
Accuracy: 0.9054054054054054
Precision: 0.8391608391608392
Recall: 0.9090909090909091
