Training Time: 2061.7275
Testing Time: 11.276339
Accuracy: 0.9621621621621622
Precision: 0.9338235294117647
Recall: 0.9621212121212122
