Training Time: 0.1821219
Testing Time: 0.0463348
Accuracy: 0.9523809523809523
Precision: 1.0
Recall: 1.0
