Training Time: 98.548096
Testing Time: 0.8005689
Accuracy: 0.9904761904761905
Precision: 1.0
Recall: 1.0
