Training Time: 585.4617
Testing Time: 5.1391296
Accuracy: 0.9619047619047619
Precision: 1.0
Recall: 1.0
