Training Time: 1.3511181
Testing Time: 0.090493105
Accuracy: 0.7628865979381443
Precision: 0.7254901960784313
Recall: 0.40217391304347827
