Training Time: 189.58954
Testing Time: 4.7490788
Accuracy: 0.8144329896907216
Precision: 0.9523809523809523
Recall: 0.43478260869565216
