Training Time: 188406.75
Testing Time: 32.942932
Accuracy: 0.8865979381443299
Precision: 0.9402985074626866
Recall: 0.6847826086956522
