Training Time: 44.51352
Testing Time: 6.4535446
Accuracy: 0.8419243986254296
Precision: 0.8833333333333333
Recall: 0.5760869565217391
