Training Time: 384.07608
Testing Time: 5.20512
Accuracy: 0.5584415584415584
Precision: 1.0
Recall: 0.5
