Training Time: 0.87461066
Testing Time: 0.1489949
Accuracy: 0.7012987012987013
Precision: 1.0
Recall: 0.625
