Training Time: 5454.5156
Testing Time: 5.552531
Accuracy: 0.5844155844155844
Precision: 1.0
Recall: 0.5
