Training Time: 1118.1188
Testing Time: 6.6153955
Accuracy: 0.5584415584415584
Precision: 1.0
Recall: 0.5
