Training Time: 9.365003
Testing Time: 0.9002723
Accuracy: 0.8666666666666667
Precision: 0.9166666666666666
Recall: 0.9166666666666666
