Training Time: 0.077869505
Testing Time: 0.0405216
Accuracy: 0.8333333333333334
Precision: 0.9166666666666666
Recall: 0.9166666666666666
