Training Time: 1410.8268
Testing Time: 6.3816853
Accuracy: 0.8333333333333334
Precision: 0.8461538461538461
Recall: 0.9166666666666666
