Training Time: 18.704271
Testing Time: 0.918654
Accuracy: 0.8666666666666667
Precision: 0.9166666666666666
Recall: 0.9166666666666666
