Training Time: 392.3224
Testing Time: 11.933072
Accuracy: 0.744
Precision: 0.7563025210084033
Recall: 0.72
