Training Time: 5344.1484
Testing Time: 17.797977
Accuracy: 0.76
Precision: 0.7642276422764228
Recall: 0.752
