Training Time: 0.0964954
Testing Time: 0.073007695
Accuracy: 0.6605657237936772
Precision: 0.5597345132743363
Recall: 0.9806201550387597
