Training Time: 0.0236901
Testing Time: 0.1066887
Accuracy: 0.7970049916805324
Precision: 0.6808510638297872
Recall: 0.9922480620155039
