Training Time: 16.982597
Testing Time: 0.70819896
Accuracy: 0.7820299500831946
Precision: 0.6684350132625995
Recall: 0.9767441860465116
