Training Time: 4417.6978
Testing Time: 1.3553404
Accuracy: 0.8086522462562395
Precision: 0.6937669376693767
Recall: 0.9922480620155039
