Training Time: 0.1707929
Testing Time: 0.15051991
Accuracy: 0.6855241264559068
Precision: 0.5775280898876405
Recall: 0.9961240310077519
