Training Time: 0.0204468
Testing Time: 0.0076407
Accuracy: 0.5490848585690515
Precision: 0.48717948717948717
Recall: 0.9573643410852714
