Training Time: 0.0226575
Testing Time: 0.0738372
Accuracy: 0.7737104825291181
Precision: 0.6564102564102564
Recall: 0.9922480620155039
