Training Time: 3.1233752
Testing Time: 1.0874809
Accuracy: 0.762063227953411
Precision: 0.6470588235294118
Recall: 0.9806201550387597
