Training Time: 1.6475155
Testing Time: 2.1441007
Accuracy: 0.9918883841661259
Precision: 0.9827315541601256
Recall: 0.9413533834586466
