Training Time: 2981.4827
Testing Time: 250.50443
Accuracy: 0.9922128487994809
Precision: 0.9858267716535433
Recall: 0.9413533834586466
