Training Time: 5197.0186
Testing Time: 14.844334
Accuracy: 0.9925373134328358
Precision: 0.9612518628912071
Recall: 0.9699248120300752
