Training Time: 227919.06
Testing Time: 632.89233
Accuracy: 0.9941596365996106
Precision: 0.9831029185867896
Recall: 0.9624060150375939
