Training Time: 1409.2642
Testing Time: 2571.2385
Accuracy: 0.9972420506164829
Precision: 0.9894259818731118
Recall: 0.9849624060150376
