Training Time: 110.429436
Testing Time: 2.3596175
Accuracy: 0.7707317073170732
Precision: 0.8780487804878049
Recall: 1.0
