Training Time: 2.06541
Testing Time: 0.1191445
Accuracy: 0.6618705035971223
Precision: 0.7678571428571429
Recall: 0.6615384615384615
