Training Time: 0.653234
Testing Time: 0.0316819
Accuracy: 0.7122302158273381
Precision: 0.9069767441860465
Recall: 0.6
