Training Time: 29.539589
Testing Time: 0.6457255
Accuracy: 0.6330935251798561
Precision: 0.7450980392156863
Recall: 0.5846153846153846
