Training Time: 139.96576
Testing Time: 0.5195653
Accuracy: 0.7122302158273381
Precision: 0.8269230769230769
Recall: 0.6615384615384615
