Training Time: 3585.9734
Testing Time: 94.889626
Accuracy: 0.9883192731992213
Precision: 0.9884678747940692
Recall: 0.9022556390977443
