Training Time: 732.43335
Testing Time: 997.6465
Accuracy: 0.9904282933160286
Precision: 0.9967213114754099
Recall: 0.9142857142857143
