Training Time: 119.23475
Testing Time: 0.4004418
Accuracy: 0.7170731707317073
Precision: 0.8717948717948718
Recall: 0.9444444444444444
