Training Time: 107992.336
Testing Time: 18.973074
Accuracy: 0.6439024390243903
Precision: 0.8701298701298701
Recall: 0.9305555555555556
