Training Time: 3.1325142
Testing Time: 0.2211118
Accuracy: 0.6195121951219512
Precision: 0.8674698795180723
Recall: 1.0
