Training Time: 0.0543734
Testing Time: 0.0262518
Accuracy: 1.0
Precision: 1.0
Recall: 1.0
