Training Time: 28.594048
Testing Time: 0.1260452
Accuracy: 1.0
Precision: 1.0
Recall: 1.0
