Training Time: 84.13247
Testing Time: 0.0615316
Accuracy: 1.0
Precision: 1.0
Recall: 1.0
