Training Time: 5260.518
Testing Time: 0.170072
Accuracy: 0.9642857142857143
Precision: 1.0
Recall: 0.9230769230769231
