Training Time: 38.65581
Testing Time: 3.33454
Accuracy: 0.7482014388489209
Precision: 0.0
Recall: 0.0
