Training Time: 433.56308
Testing Time: 1.8801868
Accuracy: 0.7482014388489209
Precision: 0.0
Recall: 0.0
