Training Time: 0.1026284
Testing Time: 0.0246396
Accuracy: 0.5740740740740741
Precision: 0.5714285714285714
Recall: 0.5925925925925926
