Training Time: 14.069838
Testing Time: 0.15254511
Accuracy: 0.7592592592592593
Precision: 0.7916666666666666
Recall: 0.7037037037037037
