Training Time: 1.5741721
Testing Time: 0.1410964
Accuracy: 0.7777777777777778
Precision: 0.8947368421052632
Recall: 0.6296296296296297
