Training Time: 255.82999
Testing Time: 464.73438
Accuracy: 0.9933484750162233
Precision: 0.9890282131661442
Recall: 0.9488721804511279
