Training Time: 1.5767378
Testing Time: 2.4857934
Accuracy: 0.9957819597663855
Precision: 0.9907834101382489
Recall: 0.9699248120300752
