Training Time: 5276.3965
Testing Time: 11.041993
Accuracy: 0.9881570408825439
Precision: 0.9553846153846154
Recall: 0.9338345864661655
