Training Time: 4.567966
Testing Time: 1.36612
Accuracy: 0.9615384615384616
Precision: 0.88
Recall: 0.9166666666666666
