Training Time: 0.10930929
Testing Time: 0.085524
Accuracy: 0.7769230769230769
Precision: 0.43902439024390244
Recall: 0.75
