Training Time: 115.75371
Testing Time: 1.141897
Accuracy: 0.9615384615384616
Precision: 0.8518518518518519
Recall: 0.9583333333333334
