Training Time: 0.3410204
Testing Time: 0.0558074
Accuracy: 0.9714285714285714
Precision: 1.0
Recall: 1.0
