Training Time: 7.7088904
Testing Time: 0.1763958
Accuracy: 0.9904761904761905
Precision: 1.0
Recall: 1.0
