Training Time: 47.838966
Testing Time: 0.2224129
Accuracy: 1.0
Precision: 1.0
Recall: 1.0
