Training Time: 28480.264
Testing Time: 0.6766192
Accuracy: 0.9714285714285714
Precision: 1.0
Recall: 1.0
