Training Time: 0.82812625
Testing Time: 0.0928522
Accuracy: 0.9714285714285714
Precision: 1.0
Recall: 1.0
