Training Time: 1.3433542
Testing Time: 1.2824168
Accuracy: 0.9875081116158339
Precision: 0.9681528662420382
Recall: 0.9142857142857143
