Training Time: 784.36145
Testing Time: 125.946724
Accuracy: 0.9923750811161584
Precision: 0.9667673716012085
Recall: 0.9624060150375939
