Training Time: 313.43506
Testing Time: 611.63525
Accuracy: 0.9944841012329656
Precision: 0.9730134932533733
Recall: 0.9759398496240601
