Training Time: 118.11433
Testing Time: 5.1757855
Accuracy: 0.6753246753246753
Precision: 0.5740740740740741
Recall: 0.9393939393939394
