Training Time: 58681.62
Testing Time: 10.95329
Accuracy: 0.7922077922077922
Precision: 0.7428571428571429
Recall: 0.7878787878787878
