Training Time: 0.2245653
Testing Time: 0.0124996
Accuracy: 0.48148148148148145
Precision: 0.3333333333333333
Recall: 0.037037037037037035
