Training Time: 42.381145
Testing Time: 0.0382928
Accuracy: 0.5370370370370371
Precision: 0.5625
Recall: 0.3333333333333333
