Training Time: 0.6235567
Testing Time: 0.018309
Accuracy: 0.5555555555555556
Precision: 0.6153846153846154
Recall: 0.2962962962962963
