Training Time: 2.222689
Testing Time: 0.1515436
Accuracy: 0.6485507246376812
Precision: 0.6451612903225806
Recall: 0.34782608695652173
