Training Time: 34.136055
Testing Time: 1.1403345
Accuracy: 0.6086956521739131
Precision: 0.7333333333333333
Recall: 0.09565217391304348
