Training Time: 179.85452
Testing Time: 0.4038613
Accuracy: 0.7934782608695652
Precision: 0.7788461538461539
Recall: 0.7043478260869566
