Training Time: 187302.06
Testing Time: 3.2849557
Accuracy: 0.7355072463768116
Precision: 0.7019230769230769
Recall: 0.6347826086956522
