Training Time: 348.44016
Testing Time: 73.445915
Accuracy: 0.9415555555555556
Precision: 0.63
Recall: 0.36
