Training Time: 1501.2051
Testing Time: 63.630848
Accuracy: 0.9348888888888889
Precision: 0.42857142857142855
Recall: 0.13636363636363635
