Training Time: 79.79948
Testing Time: 206.31258
Accuracy: 0.9411111111111111
Precision: 0.6785714285714286
Recall: 0.32571428571428573
