Training Time: 9.755222
Testing Time: 0.295139
Accuracy: 0.9466666666666667
Precision: 0.9125
Recall: 0.9864864864864865
