Training Time: 44.75889
Testing Time: 0.117906
Accuracy: 0.9666666666666667
Precision: 0.948051948051948
Recall: 0.9864864864864865
