Training Time: 13134.431
Testing Time: 1.1244084
Accuracy: 0.9133333333333333
Precision: 0.8765432098765432
Recall: 0.9594594594594594
