Training Time: 0.87127167
Testing Time: 0.2549799
Accuracy: 0.98
Precision: 0.9733333333333334
Recall: 0.9864864864864865
