Training Time: 21.227316
Testing Time: 9.951806
Accuracy: 0.9933333333333333
Precision: 0.9866666666666667
Recall: 1.0
