Training Time: 0.2123437
Testing Time: 0.0981356
Accuracy: 0.98
Precision: 0.961038961038961
Recall: 1.0
