Training Time: 1.0995332
Testing Time: 0.6226883
Accuracy: 0.9933333333333333
Precision: 0.9866666666666667
Recall: 1.0
