Training Time: 0.0757464
Testing Time: 0.0599333
Accuracy: 0.9466666666666667
Precision: 0.9342105263157895
Recall: 0.9594594594594594
