Training Time: 32.82795
Testing Time: 0.5431379
Accuracy: 1.0
Precision: 1.0
Recall: 1.0
