Training Time: 13076.446
Testing Time: 0.76981395
Accuracy: 0.98
Precision: 0.961038961038961
Recall: 1.0
