Training Time: 2.3817346
Testing Time: 1.175766
Accuracy: 0.9933333333333333
Precision: 0.9866666666666667
Recall: 1.0
