Training Time: 9.564493
Testing Time: 0.67125773
Accuracy: 0.5
Precision: 0.9545454545454546
Recall: 1.0
