Training Time: 1.0961679
Testing Time: 0.0478483
Accuracy: 0.551948051948052
Precision: 0.9545454545454546
Recall: 1.0
