Training Time: 24.362013
Testing Time: 1.9409173
Accuracy: 0.525974025974026
Precision: 0.9545454545454546
Recall: 1.0
