Training Time: 21.343674
Testing Time: 59.839867
Accuracy: 0.9371111111111111
Precision: 1.0
Recall: 0.045454545454545456
