Training Time: 122557.15
Testing Time: 26.132303
Accuracy: 0.9366666666666666
Precision: 0.8787878787878788
Recall: 0.1657142857142857
