Training Time: 9.260572
Testing Time: 0.7237561
Accuracy: 0.5714285714285714
Precision: 0.5
Recall: 1.0
