Training Time: 0.47155058
Testing Time: 0.040976
Accuracy: 0.6753246753246753
Precision: 0.6111111111111112
Recall: 0.6666666666666666
