Training Time: 143.79907
Testing Time: 0.9783463
Accuracy: 0.6233766233766234
Precision: 0.5333333333333333
Recall: 0.9696969696969697
