Training Time: 113.14822
Testing Time: 274.5212
Accuracy: 0.9413333333333334
Precision: 0.8524590163934426
Recall: 0.29714285714285715
