Training Time: 1.0971291
Testing Time: 2.4459462
Accuracy: 0.9315555555555556
Precision: 0.6976744186046512
Recall: 0.17142857142857143
