Training Time: 4641.51
Testing Time: 180.36148
Accuracy: 0.9393333333333334
Precision: 0.42857142857142855
Recall: 0.13636363636363635
