Training Time: 550.86865
Testing Time: 6.641913
Accuracy: 0.7482014388489209
Precision: 0.0
Recall: 0.0
