Training Time: 0.9708406
Testing Time: 0.0875948
Accuracy: 0.7410071942446043
Precision: 0.0
Recall: 0.0
