Training Time: 4941.943
Testing Time: 3.113813
Accuracy: 0.7482014388489209
Precision: 0.0
Recall: 0.0
