Training Time: 126987.234
Testing Time: 2.2014701
Accuracy: 0.7482014388489209
Precision: 0.0
Recall: 0.0
