Training Time: 0.6687949
Testing Time: 0.1227296
Accuracy: 1.0
Precision: 1.0
Recall: 1.0
