Training Time: 0.18140781
Testing Time: 0.0403058
Accuracy: 0.9523809523809523
Precision: 1.0
Recall: 1.0
