Training Time: 12.370539
Testing Time: 0.2707784
Accuracy: 1.0
Precision: 1.0
Recall: 1.0
