Training Time: 85.989136
Testing Time: 0.0416577
Accuracy: 1.0
Precision: 1.0
Recall: 1.0
