Training Time: 1.3720199
Testing Time: 0.3285934
Accuracy: 0.9307692307692308
Precision: 0.8260869565217391
Recall: 0.7916666666666666
