Training Time: 0.0603043
Testing Time: 0.0928848
Accuracy: 0.7846153846153846
Precision: 0.4473684210526316
Recall: 0.7083333333333334
