Training Time: 34.264282
Testing Time: 0.6051569
Accuracy: 0.9538461538461539
Precision: 0.8214285714285714
Recall: 0.9583333333333334
