Training Time: 2.9413147
Testing Time: 0.8058009
Accuracy: 0.9615384615384616
Precision: 0.88
Recall: 0.9166666666666666
