Training Time: 0.034996
Testing Time: 0.0053091
Accuracy: 0.9285714285714286
Precision: 0.9230769230769231
Recall: 0.9230769230769231
