Training Time: 4.795145
Testing Time: 0.047011
Accuracy: 1.0
Precision: 1.0
Recall: 1.0
