Training Time: 14.980122
Testing Time: 0.0829311
Accuracy: 1.0
Precision: 1.0
Recall: 1.0
