Training Time: 5454.6147
Testing Time: 3.4324334
Accuracy: 0.9642857142857143
Precision: 1.0
Recall: 0.9230769230769231
