Training Time: 5.4445977
Testing Time: 0.34294522
Accuracy: 0.5324675324675324
Precision: 0.9318181818181818
Recall: 0.9761904761904762
