Training Time: 1.012297
Testing Time: 0.0522429
Accuracy: 0.538961038961039
Precision: 0.9333333333333333
Recall: 1.0
