Training Time: 72.137474
Testing Time: 1.4348071
Accuracy: 0.5324675324675324
Precision: 0.9545454545454546
Recall: 1.0
