Training Time: 485.49835
Testing Time: 1.9022285
Accuracy: 0.525974025974026
Precision: 0.9545454545454546
Recall: 1.0
