Training Time: 14.858341
Testing Time: 1.2329025
Accuracy: 0.5714285714285714
Precision: 0.9545454545454546
Recall: 1.0
