Training Time: 0.7217115
Testing Time: 0.1245383
Accuracy: 0.632
Precision: 0.6299212598425197
Recall: 0.64
