Training Time: 573.974
Testing Time: 7.097528
Accuracy: 0.624
Precision: 0.6026490066225165
Recall: 0.728
