Training Time: 2.6462276
Testing Time: 0.6401136
Accuracy: 0.9809523809523809
Precision: 1.0
Recall: 1.0
