Training Time: 0.1912246
Testing Time: 0.0405329
Accuracy: 0.9809523809523809
Precision: 1.0
Recall: 1.0
