Training Time: 0.15973249
Testing Time: 0.0656878
Accuracy: 0.515625
Precision: 0.35294117647058826
Recall: 0.23076923076923078
