Training Time: 332.88858
Testing Time: 0.91072077
Accuracy: 0.53125
Precision: 0.16666666666666666
Recall: 0.038461538461538464
