Training Time: 19992.648
Testing Time: 1.0398173
Accuracy: 0.59375
Precision: 0.0
Recall: 0.0
