Training Time: 35.134567
Testing Time: 0.6774901
Accuracy: 0.5625
Precision: 0.4583333333333333
Recall: 0.4230769230769231
