Training Time: 17.330647
Testing Time: 1.6774263
Accuracy: 0.5324675324675324
Precision: 0.9545454545454546
Recall: 1.0
