Training Time: 217.91972
Testing Time: 2.2259421
Accuracy: 0.577922077922078
Precision: 0.9545454545454546
Recall: 1.0
