Training Time: 1282.5383
Testing Time: 2.3852303
Accuracy: 0.5584415584415584
Precision: 0.9545454545454546
Recall: 1.0
