Training Time: 136340.34
Testing Time: 2.9168167
Accuracy: 0.577922077922078
Precision: 0.9545454545454546
Recall: 1.0
