Training Time: 47.93317
Testing Time: 5.082198
Accuracy: 0.5454545454545454
Precision: 0.9545454545454546
Recall: 1.0
