Training Time: 1.2761565
Testing Time: 1.1330945
Accuracy: 0.9866666666666667
Precision: 0.9864864864864865
Recall: 0.9864864864864865
