Training Time: 236.67946
Testing Time: 7.2263355
Accuracy: 0.7662337662337663
Precision: 0.6829268292682927
Recall: 0.8484848484848485
