Training Time: 0.84818435
Testing Time: 0.2306377
Accuracy: 0.8311688311688312
Precision: 0.8125
Recall: 0.7878787878787878
