Training Time: 33848.984
Testing Time: 11.546512
Accuracy: 0.7402597402597403
Precision: 0.6666666666666666
Recall: 0.7878787878787878
