Training Time: 720.60803
Testing Time: 27.809282
Accuracy: 0.7792207792207793
Precision: 0.6818181818181818
Recall: 0.9090909090909091
