Training Time: 90718.81
Testing Time: 4.1904583
Accuracy: 0.808
Precision: 0.8031496062992126
Recall: 0.816
