Training Time: 1244.5547
Testing Time: 32.158752
Accuracy: 0.764
Precision: 0.7578125
Recall: 0.776
