Training Time: 16.879381
Testing Time: 2.6819866
Accuracy: 0.717391304347826
Precision: 0.7228915662650602
Recall: 0.5217391304347826
