Training Time: 1.2652583
Testing Time: 0.0604944
Accuracy: 0.7282608695652174
Precision: 0.6886792452830188
Recall: 0.6347826086956522
