Training Time: 909.61316
Testing Time: 1.9477994
Accuracy: 0.7210144927536232
Precision: 0.7111111111111111
Recall: 0.5565217391304348
