Training Time: 142828.72
Testing Time: 24.033522
Accuracy: 0.7536231884057971
Precision: 0.7373737373737373
Recall: 0.6347826086956522
