Training Time: 45.382744
Testing Time: 4.4942126
Accuracy: 0.7210144927536232
Precision: 0.7317073170731707
Recall: 0.5217391304347826
