Training Time: 6.699882
Testing Time: 1.3461785
Accuracy: 0.8333333333333334
Precision: 0.8695652173913043
Recall: 1.0
