Training Time: 0.0956449
Testing Time: 0.0419042
Accuracy: 0.7666666666666667
Precision: 0.6060606060606061
Recall: 1.0
