Training Time: 0.98843807
Testing Time: 0.1299968
Accuracy: 0.98
Precision: 0.95
Recall: 1.0
