Training Time: 0.1666335
Testing Time: 0.0475864
Accuracy: 0.97
Precision: 0.9047619047619048
Recall: 1.0
