Training Time: 5.1916914
Testing Time: 1.019016
Accuracy: 0.9307692307692308
Precision: 0.7777777777777778
Recall: 0.875
