Training Time: 0.0729946
Testing Time: 0.1079944
Accuracy: 0.8615384615384616
Precision: 0.6
Recall: 0.75
