Training Time: 874.6144
Testing Time: 15.5162945
Accuracy: 0.8846153846153846
Precision: 0.6451612903225806
Recall: 0.8333333333333334
