Training Time: 9262.261
Testing Time: 3.9298804
Accuracy: 0.8153846153846154
Precision: 0.5
Recall: 0.5833333333333334
