Training Time: 63.181973
Testing Time: 7.9751453
Accuracy: 0.7391304347826086
Precision: 0.7945205479452054
Recall: 0.5043478260869565
