Training Time: 3229.7244
Testing Time: 7.0265894
Accuracy: 0.7934782608695652
Precision: 0.8085106382978723
Recall: 0.6608695652173913
