Training Time: 151824.97
Testing Time: 45.324883
Accuracy: 0.7681159420289855
Precision: 0.7741935483870968
Recall: 0.6260869565217392
