Training Time: 184.99739
Testing Time: 15.870844
Accuracy: 0.7391304347826086
Precision: 0.8028169014084507
Recall: 0.4956521739130435
