Training Time: 750.2916
Testing Time: 0.40247804
Accuracy: 0.7644927536231884
Precision: 0.7717391304347826
Recall: 0.6173913043478261
