Training Time: 21.703539
Testing Time: 0.61928743
Accuracy: 0.7934782608695652
Precision: 0.8085106382978723
Recall: 0.6608695652173913
