Training Time: 0.0391506
Testing Time: 0.0137219
Accuracy: 0.65
Precision: 0.6363636363636364
Recall: 0.7
