Training Time: 2.1902516
Testing Time: 0.0294693
Accuracy: 0.85
Precision: 0.8888888888888888
Recall: 0.8
