Training Time: 18.009785
Testing Time: 0.0248991
Accuracy: 0.6
Precision: 0.5833333333333334
Recall: 0.7
