Training Time: 1.2414248
Testing Time: 0.20101729
Accuracy: 0.6
Precision: 0.6
Recall: 0.6
