Training Time: 0.21283779
Testing Time: 0.0546568
Accuracy: 0.9142857142857143
Precision: 1.0
Recall: 0.9
