Training Time: 1.2224185
Testing Time: 0.2699564
Accuracy: 1.0
Precision: 1.0
Recall: 1.0
