Training Time: 36.481663
Testing Time: 0.1174447
Accuracy: 1.0
Precision: 1.0
Recall: 1.0
