Training Time: 5250.84
Testing Time: 0.20128621
Accuracy: 0.9642857142857143
Precision: 1.0
Recall: 0.9230769230769231
