Training Time: 2.3380399
Testing Time: 0.3248156
Accuracy: 1.0
Precision: 1.0
Recall: 1.0
