Training Time: 18.670494
Testing Time: 2.8803258
Accuracy: 1.0
Precision: 1.0
Recall: 1.0
