Training Time: 0.16934809
Testing Time: 0.0857402
Accuracy: 1.0
Precision: 1.0
Recall: 1.0
