Training Time: 298.97687
Testing Time: 0.9813894
Accuracy: 1.0
Precision: 1.0
Recall: 1.0
