Training Time: 49.324497
Testing Time: 4.0778713
Accuracy: 0.99
Precision: 0.95
Recall: 1.0
