Training Time: 182.37418
Testing Time: 0.1844762
Accuracy: 0.95
Precision: 1.0
Recall: 0.9
