Training Time: 0.7262971
Testing Time: 0.0901774
Accuracy: 0.65
Precision: 0.7142857142857143
Recall: 0.5
