Training Time: 239.12787
Testing Time: 0.24589859
Accuracy: 0.95
Precision: 1.0
Recall: 0.9
