Training Time: 26.426651
Testing Time: 0.0553006
Accuracy: 0.75
Precision: 1.0
Recall: 0.5
