Training Time: 87.54901
Testing Time: 4.4694233
Accuracy: 0.7482014388489209
Precision: 0.0
Recall: 0.0
