Training Time: 0.8403434
Testing Time: 0.0896558
Accuracy: 0.7482014388489209
Precision: 0.0
Recall: 0.0
