Training Time: 833.82587
Testing Time: 3.2948766
Accuracy: 0.7482014388489209
Precision: 0.0
Recall: 0.0
