Training Time: 7708.463
Testing Time: 29.14259
Accuracy: 0.7553956834532374
Precision: 1.0
Recall: 0.02857142857142857
