Training Time: 74799.8
Testing Time: 0.7318578
Accuracy: 0.7482014388489209
Precision: 0.0
Recall: 0.0
