Training Time: 206.48836
Testing Time: 8.140683
Accuracy: 0.7482014388489209
Precision: 0.0
Recall: 0.0
