Training Time: 0.9397446
Testing Time: 0.0372139
Accuracy: 0.551948051948052
Precision: 0.9545454545454546
Recall: 1.0
