Training Time: 87.97904
Testing Time: 1.1199515
Accuracy: 0.6038961038961039
Precision: 0.9545454545454546
Recall: 1.0
