Training Time: 345.46927
Testing Time: 0.6669749
Accuracy: 0.5324675324675324
Precision: 0.9545454545454546
Recall: 1.0
