Training Time: 16.750664
Testing Time: 2.0729237
Accuracy: 0.5454545454545454
Precision: 0.30434782608695654
Recall: 0.2413793103448276
