Training Time: 0.7815373
Testing Time: 0.0574304
Accuracy: 0.6168831168831169
Precision: 0.5384615384615384
Recall: 0.2413793103448276
