Training Time: 925.369
Testing Time: 2.2073207
Accuracy: 0.5324675324675324
Precision: 0.3888888888888889
Recall: 0.2413793103448276
