Training Time: 118393.95
Testing Time: 1.7955575
Accuracy: 0.5974025974025974
Precision: 0.47058823529411764
Recall: 0.27586206896551724
