Training Time: 47.024517
Testing Time: 4.3739142
Accuracy: 0.5324675324675324
Precision: 0.30434782608695654
Recall: 0.2413793103448276
