Training Time: 2.7690487
Testing Time: 0.0188796
Accuracy: 0.5740740740740741
Precision: 0.625
Recall: 0.37037037037037035
