Training Time: 61.913273
Testing Time: 0.45123002
Accuracy: 0.5925925925925926
Precision: 0.6
Recall: 0.5555555555555556
