Training Time: 515.5555
Testing Time: 0.20790711
Accuracy: 0.5
Precision: 0.5
Recall: 0.5925925925925926
