Training Time: 6.9979568
Testing Time: 0.027321
Accuracy: 0.48148148148148145
Precision: 0.47058823529411764
Recall: 0.2962962962962963
