Training Time: 19.93678
Testing Time: 0.107421
Accuracy: 0.8666666666666667
Precision: 0.9166666666666666
Recall: 0.9166666666666666
