Training Time: 8101.028
Testing Time: 4.937066
Accuracy: 0.7666666666666667
Precision: 0.7857142857142857
Recall: 0.9166666666666666
