Training Time: 1.5342013
Testing Time: 0.0932691
Accuracy: 0.9
Precision: 1.0
Recall: 0.9166666666666666
