Training Time: 9.02128
Testing Time: 1.1198379
Accuracy: 0.5584415584415584
Precision: 1.0
Recall: 0.5
