Training Time: 0.6299867
Testing Time: 0.0402911
Accuracy: 0.5974025974025974
Precision: 1.0
Recall: 0.5
