Training Time: 138.24257
Testing Time: 0.725288
Accuracy: 0.5584415584415584
Precision: 1.0
Recall: 0.5
