Training Time: 0.7156787
Testing Time: 0.0377185
Accuracy: 0.474025974025974
Precision: 0.28888888888888886
Recall: 0.4482758620689655
