Training Time: 0.7625138
Testing Time: 0.0336151
Accuracy: 0.6168831168831169
Precision: 0.6153846153846154
Recall: 0.27586206896551724
