Training Time: 51.42684
Testing Time: 0.23385431
Accuracy: 0.4935064935064935
Precision: 0.3225806451612903
Recall: 0.3448275862068966
