Training Time: 113920.92
Testing Time: 0.3197392
Accuracy: 0.564935064935065
Precision: 0.38095238095238093
Recall: 0.27586206896551724
