Training Time: 1.8262352
Testing Time: 0.0877119
Accuracy: 0.487012987012987
Precision: 0.29545454545454547
Recall: 0.4482758620689655
