Training Time: 0.1209014
Testing Time: 0.0723604
Accuracy: 0.6905158069883528
Precision: 0.5878048780487805
Recall: 0.9341085271317829
