Training Time: 0.0235998
Testing Time: 0.16708
Accuracy: 0.831946755407654
Precision: 0.7223796033994334
Recall: 0.9883720930232558
