Training Time: 229.67249
Testing Time: 40.270523
Accuracy: 0.9783783783783784
Precision: 0.9558823529411765
Recall: 0.9848484848484849
