Training Time: 1.4389918
Testing Time: 0.19447151
Accuracy: 0.927027027027027
Precision: 0.8947368421052632
Recall: 0.9015151515151515
