Training Time: 1025.1205
Testing Time: 85.519775
Accuracy: 0.9756756756756757
Precision: 0.9555555555555556
Recall: 0.9772727272727273
