Training Time: 0.0754242
Testing Time: 0.0064823
Accuracy: 0.4722222222222222
Precision: 0.4528301886792453
Recall: 0.26666666666666666
