Training Time: 0.0322833
Testing Time: 0.0277763
Accuracy: 0.48333333333333334
Precision: 0.48672566371681414
Recall: 0.6111111111111112
