Training Time: 2.435947
Testing Time: 0.27983558
Accuracy: 0.4666666666666667
Precision: 0.4791666666666667
Recall: 0.7666666666666667
