Training Time: 110.33384
Testing Time: 256.76215
Accuracy: 0.9382222222222222
Precision: 0.7857142857142857
Recall: 0.25142857142857145
