Training Time: 1053.2375
Testing Time: 88.9075
Accuracy: 0.9411111111111111
Precision: 0.7671232876712328
Recall: 0.32
