Training Time: 309.05405
Testing Time: 838.6784
Accuracy: 0.9386666666666666
Precision: 0.7758620689655172
Recall: 0.2571428571428571
