Training Time: 2.23245
Testing Time: 0.09932151
Accuracy: 0.6388888888888888
Precision: 0.8048780487804879
Recall: 0.36666666666666664
