Training Time: 0.0405432
Testing Time: 0.1551361
Accuracy: 0.7888888888888889
Precision: 0.8023255813953488
Recall: 0.7666666666666667
