Training Time: 58.323803
Testing Time: 1.05722
Accuracy: 0.7166666666666667
Precision: 0.8679245283018868
Recall: 0.5111111111111111
