Training Time: 584.9821
Testing Time: 49.750397
Accuracy: 0.6166666666666667
Precision: 0.6019417475728155
Recall: 0.6888888888888889
