Training Time: 107.44227
Testing Time: 1.1069493
Accuracy: 1.0
Precision: 1.0
Recall: 1.0
