Training Time: 16.414389
Testing Time: 2.5556111
Accuracy: 1.0
Precision: 1.0
Recall: 1.0
