Training Time: 0.6832542
Testing Time: 0.09215529
Accuracy: 0.7272727272727273
Precision: 0.5
Recall: 0.625
