Training Time: 539.6233
Testing Time: 7.3599434
Accuracy: 0.5584415584415584
Precision: 1.0
Recall: 0.5
