Training Time: 329.27548
Testing Time: 20.987862
Accuracy: 0.9785853341985724
Precision: 0.9093701996927803
Recall: 0.8902255639097745
