Training Time: 0.8036908
Testing Time: 0.3104184
Accuracy: 0.664
Precision: 0.6666666666666666
Recall: 0.656
