Training Time: 17.318817
Testing Time: 48.219578
Accuracy: 0.9328888888888889
Precision: 0.7534246575342466
Recall: 0.3142857142857143
