Training Time: 0.8910373
Testing Time: 0.7990544
Accuracy: 0.9244444444444444
Precision: 0.7076923076923077
Recall: 0.26285714285714284
