Training Time: 194.33942
Testing Time: 54.282047
Accuracy: 0.9373333333333334
Precision: 0.7407407407407407
Recall: 0.34285714285714286
