Training Time: 0.068529
Testing Time: 8.06713
Accuracy: 0.8595555555555555
Precision: 0.3037974683544304
Recall: 0.4114285714285714
