Training Time: 678.75275
Testing Time: 31.02723
Accuracy: 0.9264444444444444
Precision: 0.5
Recall: 0.09090909090909091
