Training Time: 44.8063
Testing Time: 114.16622
Accuracy: 0.9353333333333333
Precision: 0.7261904761904762
Recall: 0.3485714285714286
