Training Time: 3746.3083
Testing Time: 676.77295
Accuracy: 0.9235555555555556
Precision: 0.625
Recall: 0.2857142857142857
