Training Time: 278.72668
Testing Time: 2.3363853
Accuracy: 0.9326666666666666
Precision: 0.6395348837209303
Recall: 0.3142857142857143
