Training Time: 50.237267
Testing Time: 1.7218536
Accuracy: 0.8888888888888888
Precision: 0.9886363636363636
Recall: 1.0
