Training Time: 189.7786
Testing Time: 3.0585327
Accuracy: 0.9477124183006536
Precision: 0.9456521739130435
Recall: 1.0
