Training Time: 2.80218
Testing Time: 0.036135
Accuracy: 0.75
Precision: 1.0
Recall: 0.5
