Training Time: 84.10945
Testing Time: 0.1435225
Accuracy: 0.75
Precision: 0.8571428571428571
Recall: 0.6
