Training Time: 35.894405
Testing Time: 2.969527
Accuracy: 0.5584415584415584
Precision: 1.0
Recall: 0.5
