Training Time: 528.21277
Testing Time: 1.2683507
Accuracy: 0.5584415584415584
Precision: 1.0
Recall: 0.5
