Training Time: 1.3613158
Testing Time: 0.0593749
Accuracy: 0.8316151202749141
Precision: 0.8115942028985508
Recall: 0.6086956521739131
