Training Time: 9.947691
Testing Time: 0.2805727
Accuracy: 0.7663230240549829
Precision: 0.6875
Recall: 0.4782608695652174
