Training Time: 53.514725
Testing Time: 0.0255821
Accuracy: 0.7938144329896907
Precision: 0.6739130434782609
Recall: 0.6739130434782609
