Training Time: 251.9419
Testing Time: 0.1928259
Accuracy: 0.9567567567567568
Precision: 0.9264705882352942
Recall: 0.9545454545454546
