Training Time: 1.2230141
Testing Time: 0.0706473
Accuracy: 0.7463768115942029
Precision: 0.7368421052631579
Recall: 0.6086956521739131
