Training Time: 56.300762
Testing Time: 1.9834737
Accuracy: 0.6992753623188406
Precision: 0.7580645161290323
Recall: 0.40869565217391307
