Training Time: 320.69598
Testing Time: 0.8325047
Accuracy: 0.7608695652173914
Precision: 0.7333333333333333
Recall: 0.6695652173913044
