Training Time: 142169.17
Testing Time: 21.787592
Accuracy: 0.7427536231884058
Precision: 0.7244897959183674
Recall: 0.6173913043478261
