Training Time: 16.794518
Testing Time: 1.6104115
Accuracy: 0.5324675324675324
Precision: 0.3181818181818182
Recall: 0.2413793103448276
