Training Time: 0.7342173
Testing Time: 0.0710206
Accuracy: 0.5844155844155844
Precision: 0.6153846153846154
Recall: 0.27586206896551724
