Training Time: 212.82703
Testing Time: 1.8011814
Accuracy: 0.564935064935065
Precision: 0.4666666666666667
Recall: 0.2413793103448276
