Training Time: 49.771336
Testing Time: 3.2839384
Accuracy: 0.538961038961039
Precision: 0.391304347826087
Recall: 0.3103448275862069
