Training Time: 0.69564974
Testing Time: 0.3398348
Accuracy: 0.9933333333333333
Precision: 0.9866666666666667
Recall: 1.0
