Training Time: 15.416136
Testing Time: 0.5067704
Accuracy: 1.0
Precision: 1.0
Recall: 1.0
