Training Time: 1.4062488
Testing Time: 0.5143386
Accuracy: 1.0
Precision: 1.0
Recall: 1.0
