Training Time: 0.0384344
Testing Time: 0.30122098
Accuracy: 0.9215686274509803
Precision: 0.9032258064516129
Recall: 0.9655172413793104
