Training Time: 3.2544596
Testing Time: 4.5035734
Accuracy: 0.954248366013072
Precision: 1.0
Recall: 1.0
