Training Time: 0.7519216
Testing Time: 0.0456409
Accuracy: 0.5722222222222222
Precision: 0.5970149253731343
Recall: 0.4444444444444444
