Training Time: 21.052195
Testing Time: 0.6700178
Accuracy: 0.6111111111111112
Precision: 0.6282051282051282
Recall: 0.5444444444444444
