Training Time: 196.70508
Testing Time: 1.912748
Accuracy: 0.4888888888888889
Precision: 0.49056603773584906
Recall: 0.5777777777777777
