Training Time: 7.0817933
Testing Time: 0.6597531
Accuracy: 0.525974025974026
Precision: 0.3333333333333333
Recall: 0.3103448275862069
