Training Time: 0.75090027
Testing Time: 0.058008
Accuracy: 0.6103896103896104
Precision: 0.5
Recall: 0.27586206896551724
