Training Time: 83.44776
Testing Time: 1.4477402
Accuracy: 0.564935064935065
Precision: 0.47058823529411764
Recall: 0.27586206896551724
