Training Time: 454.3712
Testing Time: 0.2214845
Accuracy: 0.5454545454545454
Precision: 0.38095238095238093
Recall: 0.27586206896551724
