Training Time: 15.174184
Testing Time: 1.7569737
Accuracy: 0.538961038961039
Precision: 0.391304347826087
Recall: 0.3103448275862069
