Training Time: 36.11004
Testing Time: 93.5167
Accuracy: 0.94
Precision: 0.7051282051282052
Recall: 0.3142857142857143
