Training Time: 0.95348907
Testing Time: 1.1981746
Accuracy: 0.9322222222222222
Precision: 1.0
Recall: 0.045454545454545456
