Training Time: 198.16751
Testing Time: 2.7958326
Accuracy: 0.8634146341463415
Precision: 0.9393939393939394
Recall: 0.93
