Training Time: 54.476513
Testing Time: 6.9440875
Accuracy: 0.8536585365853658
Precision: 0.93
Recall: 0.93
