Training Time: 1.3940966
Testing Time: 0.4164839
Accuracy: 0.7962962962962963
Precision: 0.8636363636363636
Recall: 0.7037037037037037
