Training Time: 0.0971366
Testing Time: 0.0282861
Accuracy: 0.6481481481481481
Precision: 0.6538461538461539
Recall: 0.6296296296296297
