Training Time: 38.913254
Testing Time: 0.30321342
Accuracy: 0.7777777777777778
Precision: 0.7777777777777778
Recall: 0.7777777777777778
