Training Time: 291.10815
Testing Time: 0.2354752
Accuracy: 0.5555555555555556
Precision: 0.5714285714285714
Recall: 0.4444444444444444
