Training Time: 0.0273827
Testing Time: 0.1041998
Accuracy: 0.7745098039215687
Precision: 0.8604651162790697
Recall: 0.8505747126436781
