Training Time: 7.8413773
Testing Time: 0.7525183
Accuracy: 0.8300653594771242
Precision: 0.8571428571428571
Recall: 0.9655172413793104
