Training Time: 28.351635
Testing Time: 0.67436266
Accuracy: 0.9477124183006536
Precision: 0.9659090909090909
Recall: 0.9770114942528736
