Training Time: 7.943505
Testing Time: 1.4075764
Accuracy: 0.8536585365853658
Precision: 0.93
Recall: 0.93
