Training Time: 109.278114
Testing Time: 2.0388858
Accuracy: 0.8634146341463415
Precision: 0.9393939393939394
Recall: 0.93
