Training Time: 525.067
Testing Time: 1.3439102
Accuracy: 0.8439024390243902
Precision: 0.9207920792079208
Recall: 0.93
