Training Time: 114634.52
Testing Time: 3.5782678
Accuracy: 0.8634146341463415
Precision: 0.9393939393939394
Recall: 0.93
