Training Time: 25.181803
Testing Time: 2.6671212
Accuracy: 0.848780487804878
Precision: 0.93
Recall: 0.93
