Training Time: 0.1758961
Testing Time: 0.0886728
Accuracy: 1.0
Precision: 1.0
Recall: 1.0
