Training Time: 2.6557627
Testing Time: 0.62990826
Accuracy: 0.9809523809523809
Precision: 1.0
Recall: 1.0
