Training Time: 0.1923724
Testing Time: 0.0407844
Accuracy: 0.9809523809523809
Precision: 1.0
Recall: 1.0
