Training Time: 48.493626
Testing Time: 0.7139867
Accuracy: 1.0
Precision: 1.0
Recall: 1.0
