Training Time: 0.0430256
Testing Time: 0.0169488
Accuracy: 1.0
Precision: 1.0
Recall: 1.0
