Training Time: 10.0409355
Testing Time: 0.078466706
Accuracy: 0.9642857142857143
Precision: 1.0
Recall: 0.9230769230769231
