Training Time: 0.7984846
Testing Time: 0.13131471
Accuracy: 0.9642857142857143
Precision: 1.0
Recall: 0.9230769230769231
