Training Time: 4.2201247
Testing Time: 0.0695459
Accuracy: 0.65
Precision: 0.8
Recall: 0.4
