Training Time: 0.0564446
Testing Time: 0.0298959
Accuracy: 0.85
Precision: 1.0
Recall: 0.7
