Training Time: 128.64952
Testing Time: 0.226424
Accuracy: 0.7
Precision: 0.8333333333333334
Recall: 0.5
