Training Time: 697.7173
Testing Time: 0.4680264
Accuracy: 0.55
Precision: 0.5714285714285714
Recall: 0.4
