Training Time: 7.6652517
Testing Time: 0.08003791
Accuracy: 0.7
Precision: 0.8333333333333334
Recall: 0.5
