Training Time: 26.93847
Testing Time: 4.085194
Accuracy: 0.7804878048780488
Precision: 0.8780487804878049
Recall: 1.0
