Training Time: 0.8352352
Testing Time: 0.0993509
Accuracy: 0.7658536585365854
Precision: 0.8780487804878049
Recall: 1.0
