Training Time: 1732.0142
Testing Time: 3.8807838
Accuracy: 0.7707317073170732
Precision: 0.8780487804878049
Recall: 1.0
