Training Time: 3970.8904
Testing Time: 107.06173
Accuracy: 0.7951219512195122
Precision: 0.8780487804878049
Recall: 1.0
