Training Time: 415.4988
Testing Time: 0.3079673
Accuracy: 0.8048780487804879
Precision: 0.8780487804878049
Recall: 1.0
