Training Time: 34.376007
Testing Time: 0.39403105
Accuracy: 0.7902439024390244
Precision: 0.8780487804878049
Recall: 1.0
