Training Time: 5.2787094
Testing Time: 0.8031122
Accuracy: 0.7658536585365854
Precision: 0.8780487804878049
Recall: 1.0
