Training Time: 71.5894
Testing Time: 1.942229
Accuracy: 0.7853658536585366
Precision: 0.8780487804878049
Recall: 1.0
