Training Time: 422.55435
Testing Time: 2.2842884
Accuracy: 0.751219512195122
Precision: 0.875
Recall: 0.9722222222222222
