Training Time: 0.7096647
Testing Time: 0.0359509
Accuracy: 0.6762589928057554
Precision: 0.851063829787234
Recall: 0.6153846153846154
