Training Time: 568.50824
Testing Time: 2.0145628
Accuracy: 0.7122302158273381
Precision: 0.8269230769230769
Recall: 0.6615384615384615
