Training Time: 87511.01
Testing Time: 8.874324
Accuracy: 0.6834532374100719
Precision: 0.8636363636363636
Recall: 0.5846153846153846
