Training Time: 1.0490978
Testing Time: 0.0541726
Accuracy: 0.6618705035971223
Precision: 0.8076923076923077
Recall: 0.6461538461538462
