Training Time: 0.7794119
Testing Time: 0.0153731
Accuracy: 0.7194244604316546
Precision: 0.8888888888888888
Recall: 0.6153846153846154
