Training Time: 6.062488
Testing Time: 0.7083542
Accuracy: 0.7414634146341463
Precision: 0.8780487804878049
Recall: 1.0
