Training Time: 440.93805
Testing Time: 1.0892415
Accuracy: 0.7365853658536585
Precision: 0.8780487804878049
Recall: 1.0
