Training Time: 14.534038
Testing Time: 2.0919511
Accuracy: 0.7414634146341463
Precision: 0.8780487804878049
Recall: 1.0
