Training Time: 0.0339935
Testing Time: 0.1954545
Accuracy: 0.8856209150326797
Precision: 0.9666666666666667
Recall: 1.0
