Training Time: 44.20888
Testing Time: 1.7932222
Accuracy: 0.8921568627450981
Precision: 0.9560439560439561
Recall: 1.0
