Training Time: 0.20788911
Testing Time: 0.0421588
Accuracy: 0.9333333333333333
Precision: 1.0
Recall: 0.8
