Training Time: 36.543816
Testing Time: 0.67178273
Accuracy: 1.0
Precision: 1.0
Recall: 1.0
