Training Time: 0.0631389
Testing Time: 0.09210151
Accuracy: 0.8153846153846154
Precision: 0.5
Recall: 0.75
