Training Time: 54.114777
Testing Time: 0.8052979
Accuracy: 0.9538461538461539
Precision: 0.8214285714285714
Recall: 0.9583333333333334
