Training Time: 70.30024
Testing Time: 1.2172724
Accuracy: 0.7410071942446043
Precision: 0.8333333333333334
Recall: 0.6923076923076923
