Training Time: 405.52982
Testing Time: 0.7561458
Accuracy: 0.7338129496402878
Precision: 0.8333333333333334
Recall: 0.6923076923076923
