Training Time: 86869.086
Testing Time: 0.2225256
Accuracy: 0.7410071942446043
Precision: 0.8333333333333334
Recall: 0.6923076923076923
