Training Time: 26.571123
Testing Time: 0.2901582
Accuracy: 0.578125
Precision: 0.48148148148148145
Recall: 0.5
