Training Time: 567.2733
Testing Time: 1.2046374
Accuracy: 0.65625
Precision: 0.5833333333333334
Recall: 0.5384615384615384
