Training Time: 22239.807
Testing Time: 6.8629565
Accuracy: 0.609375
Precision: 1.0
Recall: 0.038461538461538464
