Training Time: 11.741328
Testing Time: 1.0139742
Accuracy: 0.5324675324675324
Precision: 0.391304347826087
Recall: 0.3103448275862069
