Training Time: 0.7841595
Testing Time: 0.0699078
Accuracy: 0.564935064935065
Precision: 0.42857142857142855
Recall: 0.3103448275862069
