Training Time: 32.407753
Testing Time: 3.0521543
Accuracy: 0.538961038961039
Precision: 0.4090909090909091
Recall: 0.3103448275862069
