Training Time: 13.652994
Testing Time: 1.9628209
Accuracy: 0.7869415807560137
Precision: 0.8247422680412371
Recall: 0.64
