Training Time: 103.1902
Testing Time: 3.2980072
Accuracy: 0.5584415584415584
Precision: 1.0
Recall: 0.5
