Training Time: 0.6572967
Testing Time: 0.073391505
Accuracy: 0.5714285714285714
Precision: 0.7142857142857143
Recall: 0.625
