Training Time: 17863.99
Testing Time: 67.46311
Accuracy: 0.5194805194805194
Precision: 0.625
Recall: 0.625
