Training Time: 250.91255
Testing Time: 5.8932714
Accuracy: 0.5584415584415584
Precision: 1.0
Recall: 0.625
