Training Time: 0.9219337
Testing Time: 0.123425
Accuracy: 0.7410071942446043
Precision: 0.0
Recall: 0.0
