Training Time: 149.90088
Testing Time: 0.6562372
Accuracy: 0.8833333333333333
Precision: 0.8333333333333334
Recall: 1.0
