Training Time: 685.64795
Testing Time: 0.7461669
Accuracy: 0.9333333333333333
Precision: 0.9090909090909091
Recall: 1.0
