Training Time: 17.551176
Testing Time: 1.9559997
Accuracy: 0.9
Precision: 0.9090909090909091
Recall: 1.0
