Training Time: 0.3276422
Testing Time: 0.0209503
Accuracy: 0.4935064935064935
Precision: 0.35714285714285715
Recall: 0.1724137931034483
