Training Time: 0.74626577
Testing Time: 0.0260695
Accuracy: 0.525974025974026
Precision: 0.375
Recall: 0.3103448275862069
