Training Time: 4.7672114
Testing Time: 0.1117602
Accuracy: 0.4675324675324675
Precision: 0.25925925925925924
Recall: 0.4827586206896552
