Training Time: 28.003786
Testing Time: 0.0148893
Accuracy: 0.45454545454545453
Precision: 0.35714285714285715
Recall: 0.3448275862068966
