Training Time: 0.0268647
Testing Time: 0.133925
Accuracy: 0.7487520798668885
Precision: 0.6354430379746835
Recall: 0.9728682170542635
