Training Time: 18.248098
Testing Time: 0.23975539
Accuracy: 0.7670549084858569
Precision: 0.648989898989899
Recall: 0.9961240310077519
