Training Time: 4502.1123
Testing Time: 5.726595
Accuracy: 0.7870216306156406
Precision: 0.6683937823834197
Recall: 1.0
