Training Time: 422.3692
Testing Time: 0.1075178
Accuracy: 0.8247422680412371
Precision: 0.8363636363636363
Recall: 0.736
