Training Time: 0.115372494
Testing Time: 0.0260733
Accuracy: 0.5718954248366013
Precision: 0.6363636363636364
Recall: 0.6436781609195402
