Training Time: 0.0278936
Testing Time: 0.0551893
Accuracy: 0.7124183006535948
Precision: 0.8823529411764706
Recall: 0.6896551724137931
