Training Time: 17.024624
Testing Time: 0.3885971
Accuracy: 0.8071895424836601
Precision: 0.9672131147540983
Recall: 0.6781609195402298
