Training Time: 0.2117136
Testing Time: 0.0736168
Accuracy: 0.5882352941176471
Precision: 0.6016260162601627
Recall: 0.8505747126436781
