Training Time: 0.1781072
Testing Time: 0.0913902
Accuracy: 1.0
Precision: 1.0
Recall: 1.0
