Training Time: 17.62165
Testing Time: 0.128129
Accuracy: 0.59375
Precision: 0.5
Recall: 0.2692307692307692
