Training Time: 1.3891994
Testing Time: 0.0577352
Accuracy: 0.7628865979381443
Precision: 0.7857142857142857
Recall: 0.616
