Training Time: 53.991787
Testing Time: 1.9862468
Accuracy: 0.7457044673539519
Precision: 0.7802197802197802
Recall: 0.568
