Training Time: 23.447422
Testing Time: 2.621534
Accuracy: 0.5584415584415584
Precision: 0.35
Recall: 0.2413793103448276
