Training Time: 0.7392635
Testing Time: 0.0608267
Accuracy: 0.5714285714285714
Precision: 0.4090909090909091
Recall: 0.3103448275862069
