Training Time: 266.04776
Testing Time: 2.3607645
Accuracy: 0.5909090909090909
Precision: 0.5
Recall: 0.27586206896551724
