Training Time: 1184.6542
Testing Time: 2.736256
Accuracy: 0.5714285714285714
Precision: 0.38095238095238093
Recall: 0.27586206896551724
