Training Time: 0.0404309
Testing Time: 0.0210857
Accuracy: 0.8
Precision: 0.8
Recall: 0.8
