Training Time: 83.00804
Testing Time: 0.15099071
Accuracy: 1.0
Precision: 1.0
Recall: 1.0
