Training Time: 0.0335695
Testing Time: 0.0026359
Accuracy: 0.8928571428571429
Precision: 1.0
Recall: 0.7692307692307693
