Training Time: 0.0967684
Testing Time: 0.0021824
Accuracy: 0.8928571428571429
Precision: 0.8571428571428571
Recall: 0.9230769230769231
