Training Time: 17.85379
Testing Time: 2.8234332
Accuracy: 0.8350515463917526
Precision: 0.8333333333333334
Recall: 0.5978260869565217
