Training Time: 219.11844
Testing Time: 4.998049
Accuracy: 0.8419243986254296
Precision: 0.9259259259259259
Recall: 0.5434782608695652
