Training Time: 1003.7666
Testing Time: 2.4627898
Accuracy: 0.8797250859106529
Precision: 0.9384615384615385
Recall: 0.6630434782608695
