Training Time: 56.001923
Testing Time: 6.013065
Accuracy: 0.8350515463917526
Precision: 0.8548387096774194
Recall: 0.5760869565217391
