Training Time: 379.99332
Testing Time: 7.072274
Accuracy: 0.8419243986254296
Precision: 0.9791666666666666
Recall: 0.5108695652173914
