Training Time: 84.916084
Testing Time: 13.702759
Accuracy: 0.8281786941580757
Precision: 0.8620689655172413
Recall: 0.5434782608695652
