Training Time: 6.512773
Testing Time: 1.1385611
Accuracy: 0.7609756097560976
Precision: 0.8780487804878049
Recall: 1.0
