Training Time: 2.6952364
Testing Time: 0.5606311
Accuracy: 1.0
Precision: 1.0
Recall: 1.0
