Training Time: 0.0475644
Testing Time: 0.26035902
Accuracy: 0.9888888888888889
Precision: 0.9782608695652174
Recall: 1.0
