Training Time: 800.89484
Testing Time: 82.34956
Accuracy: 0.6777777777777778
Precision: 0.6818181818181818
Recall: 0.6666666666666666
