Training Time: 5838.1304
Testing Time: 2.7064931
Accuracy: 0.8666666666666667
Precision: 0.8666666666666667
Recall: 0.8666666666666667
