Training Time: 5.4228563
Testing Time: 1.113294
Accuracy: 1.0
Precision: 1.0
Recall: 1.0
