Training Time: 328.0454
Testing Time: 0.8006641
Accuracy: 0.59375
Precision: 0.5
Recall: 0.11538461538461539
