Training Time: 0.0256089
Testing Time: 0.0462126
Accuracy: 0.7908496732026143
Precision: 0.9852941176470589
Recall: 0.7701149425287356
