Training Time: 1.2765362
Testing Time: 0.3043864
Accuracy: 0.7941176470588235
Precision: 0.9743589743589743
Recall: 0.8735632183908046
