Training Time: 0.0654525
Testing Time: 0.1042852
Accuracy: 0.7843137254901961
Precision: 0.8631578947368421
Recall: 0.9425287356321839
