Training Time: 0.0299518
Testing Time: 0.1909484
Accuracy: 0.8594771241830066
Precision: 0.9550561797752809
Recall: 0.9770114942528736
