Training Time: 70.08942
Testing Time: 0.539955
Accuracy: 0.9673202614379085
Precision: 0.9775280898876404
Recall: 1.0
