Training Time: 3402.3977
Testing Time: 18.472153
Accuracy: 0.9248366013071896
Precision: 0.9775280898876404
Recall: 1.0
