Training Time: 16384.172
Testing Time: 12.677633
Accuracy: 0.7833333333333333
Precision: 0.6666666666666666
Recall: 0.8
