Training Time: 3.6710236
Testing Time: 0.100173295
Accuracy: 0.75
Precision: 1.0
Recall: 0.5
