Training Time: 0.7038434
Testing Time: 0.0538821
Accuracy: 0.6
Precision: 0.6666666666666666
Recall: 0.4
