Training Time: 123.076904
Testing Time: 0.14453341
Accuracy: 0.75
Precision: 0.8571428571428571
Recall: 0.6
