Training Time: 8.465981
Testing Time: 0.67422754
Accuracy: 0.7338129496402878
Precision: 0.0
Recall: 0.0
