Training Time: 0.7765481
Testing Time: 0.0338181
Accuracy: 0.7482014388489209
Precision: 0.0
Recall: 0.0
