Training Time: 103.78703
Testing Time: 1.2242354
Accuracy: 0.7482014388489209
Precision: 0.0
Recall: 0.0
