Training Time: 4.755507
Testing Time: 1.0062088
Accuracy: 1.0
Precision: 1.0
Recall: 1.0
