Training Time: 0.050159
Testing Time: 0.22164169
Accuracy: 0.9944444444444445
Precision: 0.989010989010989
Recall: 1.0
