Training Time: 0.0539963
Testing Time: 0.32762462
Accuracy: 0.9666666666666667
Precision: 0.9375
Recall: 1.0
