Training Time: 177.04388
Testing Time: 2.3722425
Accuracy: 1.0
Precision: 1.0
Recall: 1.0
