Training Time: 11.961369
Testing Time: 3.2028766
Accuracy: 1.0
Precision: 1.0
Recall: 1.0
