Training Time: 5.8107004
Testing Time: 1.9244099
Accuracy: 0.95
Precision: 1.0
Recall: 0.9
