Training Time: 11.97771
Testing Time: 2.8957348
Accuracy: 0.95
Precision: 1.0
Recall: 0.9
