Training Time: 6.753236
Testing Time: 0.90270275
Accuracy: 0.8
Precision: 0.93
Recall: 0.93
