Training Time: 0.76642436
Testing Time: 0.0546884
Accuracy: 0.8439024390243902
Precision: 0.9393939393939394
Recall: 0.93
