Training Time: 472.94547
Testing Time: 2.4267228
Accuracy: 0.848780487804878
Precision: 0.9207920792079208
Recall: 0.93
