Training Time: 0.71092653
Testing Time: 0.0552718
Accuracy: 0.6834532374100719
Precision: 0.7884615384615384
Recall: 0.6307692307692307
