Training Time: 215.10606
Testing Time: 1.8924564
Accuracy: 0.7769784172661871
Precision: 0.8305084745762712
Recall: 0.7538461538461538
