Training Time: 968.78156
Testing Time: 3.4133766
Accuracy: 0.6834532374100719
Precision: 0.7719298245614035
Recall: 0.676923076923077
