Training Time: 6609.805
Testing Time: 7.8210917
Accuracy: 0.8181818181818182
Precision: 0.7878787878787878
Recall: 0.7878787878787878
