Training Time: 64574.934
Testing Time: 11.991729
Accuracy: 0.6493506493506493
Precision: 0.5789473684210527
Recall: 0.6666666666666666
