Training Time: 4.314905
Testing Time: 0.5098621
Accuracy: 0.512987012987013
Precision: 0.9545454545454546
Recall: 1.0
