Training Time: 1.0624564
Testing Time: 0.051658
Accuracy: 0.5454545454545454
Precision: 0.9333333333333333
Recall: 1.0
