Training Time: 58.066017
Testing Time: 1.0480933
Accuracy: 0.5584415584415584
Precision: 0.9545454545454546
Recall: 1.0
