Training Time: 312.39926
Testing Time: 0.6492272
Accuracy: 0.551948051948052
Precision: 0.9545454545454546
Recall: 1.0
