Training Time: 133710.92
Testing Time: 2.460877
Accuracy: 0.564935064935065
Precision: 0.9545454545454546
Recall: 1.0
