Training Time: 13.299279
Testing Time: 1.0936121
Accuracy: 0.5064935064935064
Precision: 0.9545454545454546
Recall: 1.0
