Training Time: 1122.6178
Testing Time: 67.79661
Accuracy: 0.512987012987013
Precision: 0.9545454545454546
Recall: 1.0
