Training Time: 4.327242
Testing Time: 0.0343769
Accuracy: 0.5324675324675324
Precision: 0.9534883720930233
Recall: 0.9761904761904762
