Training Time: 0.0605179
Testing Time: 0.0322898
Accuracy: 0.84
Precision: 0.8125
Recall: 0.8783783783783784
