Training Time: 9.128564
Testing Time: 0.3419914
Accuracy: 0.8933333333333333
Precision: 0.8918918918918919
Recall: 0.8918918918918919
