Training Time: 13198.858
Testing Time: 13.03904
Accuracy: 0.9066666666666666
Precision: 0.8571428571428571
Recall: 0.972972972972973
