Training Time: 0.84943855
Testing Time: 0.25493342
Accuracy: 0.9
Precision: 0.9041095890410958
Recall: 0.8918918918918919
