Training Time: 25.662823
Testing Time: 14.019621
Accuracy: 0.8533333333333334
Precision: 0.825
Recall: 0.8918918918918919
