Training Time: 0.2009362
Testing Time: 0.0949815
Accuracy: 0.9333333333333333
Precision: 0.9444444444444444
Recall: 0.918918918918919
