Training Time: 26094.047
Testing Time: 45.827297
Accuracy: 0.6623376623376623
Precision: 0.5853658536585366
Recall: 0.7272727272727273
