Training Time: 524.85925
Testing Time: 16.046665
Accuracy: 0.6363636363636364
Precision: 0.5510204081632653
Recall: 0.8181818181818182
