Training Time: 12.455768
Testing Time: 2.3745835
Accuracy: 0.8439024390243902
Precision: 0.93
Recall: 0.93
