Training Time: 0.83541703
Testing Time: 0.078974
Accuracy: 0.8585365853658536
Precision: 0.93
Recall: 0.93
