Training Time: 179.43965
Testing Time: 3.5705206
Accuracy: 0.8634146341463415
Precision: 0.9393939393939394
Recall: 0.93
