Training Time: 798.91565
Testing Time: 4.1283755
Accuracy: 0.8341463414634146
Precision: 0.9207920792079208
Recall: 0.93
