Training Time: 58.49796
Testing Time: 2.0124547
Accuracy: 0.7044673539518901
Precision: 0.7746478873239436
Recall: 0.44
