Training Time: 1.3548155
Testing Time: 0.07394551
Accuracy: 0.7536231884057971
Precision: 0.7238095238095238
Recall: 0.6608695652173913
