Training Time: 31.636133
Testing Time: 0.8779041
Accuracy: 0.7282608695652174
Precision: 0.7941176470588235
Recall: 0.46956521739130436
