Training Time: 156.6269
Testing Time: 0.4324601
Accuracy: 0.7318840579710145
Precision: 0.7411764705882353
Recall: 0.5478260869565217
