Training Time: 189461.72
Testing Time: 116.10854
Accuracy: 0.7681159420289855
Precision: 0.7741935483870968
Recall: 0.6260869565217392
