Training Time: 5.3364854
Testing Time: 0.1982432
Accuracy: 0.7572463768115942
Precision: 0.7181818181818181
Recall: 0.6869565217391305
