Training Time: 0.73754776
Testing Time: 0.091280304
Accuracy: 0.8292682926829268
Precision: 0.9038461538461539
Recall: 0.94
