Training Time: 268.13498
Testing Time: 3.5346248
Accuracy: 0.8292682926829268
Precision: 0.9393939393939394
Recall: 0.93
