Training Time: 23.318764
Testing Time: 2.2696934
Accuracy: 0.7194244604316546
Precision: 0.8333333333333334
Recall: 0.6923076923076923
