Training Time: 0.6929399
Testing Time: 0.0611433
Accuracy: 0.7194244604316546
Precision: 0.8653846153846154
Recall: 0.6923076923076923
