Training Time: 60.681747
Testing Time: 5.3976564
Accuracy: 0.7122302158273381
Precision: 0.8333333333333334
Recall: 0.6923076923076923
