Training Time: 330.1917
Testing Time: 8.990178
Accuracy: 0.7012987012987013
Precision: 0.6
Recall: 0.9090909090909091
