Training Time: 6401.3687
Testing Time: 4.7737203
Accuracy: 0.7402597402597403
Precision: 0.6585365853658537
Recall: 0.8181818181818182
