Training Time: 919.8145
Testing Time: 19.843513
Accuracy: 0.6103896103896104
Precision: 0.5272727272727272
Recall: 0.8787878787878788
