Training Time: 16.259398
Testing Time: 2.0698218
Accuracy: 0.75
Precision: 0.7738095238095238
Recall: 0.5652173913043478
