Training Time: 1.3265524
Testing Time: 0.0742246
Accuracy: 0.75
Precision: 0.7446808510638298
Recall: 0.6086956521739131
