Training Time: 179.37329
Testing Time: 3.9509451
Accuracy: 0.7536231884057971
Precision: 0.8309859154929577
Recall: 0.5130434782608696
