Training Time: 148899.72
Testing Time: 28.546694
Accuracy: 0.7681159420289855
Precision: 0.7575757575757576
Recall: 0.6521739130434783
