Training Time: 39.269726
Testing Time: 4.9108105
Accuracy: 0.7463768115942029
Precision: 0.7586206896551724
Recall: 0.5739130434782609
