Training Time: 0.0306133
Testing Time: 0.0642337
Accuracy: 0.5291181364392679
Precision: 0.4766355140186916
Recall: 0.9883720930232558
