Training Time: 0.0238376
Testing Time: 0.15079111
Accuracy: 0.7853577371048253
Precision: 0.6729222520107239
Recall: 0.9728682170542635
