Training Time: 5009.0947
Testing Time: 3.7231781
Accuracy: 0.7371048252911814
Precision: 0.6219512195121951
Recall: 0.9883720930232558
