Training Time: 0.062296
Testing Time: 0.08005609
Accuracy: 0.6871880199667221
Precision: 0.5802752293577982
Recall: 0.9806201550387597
