Training Time: 5.0405946
Testing Time: 0.14477089
Accuracy: 0.778702163061564
Precision: 0.6606683804627249
Recall: 0.9961240310077519
