Training Time: 0.0454864
Testing Time: 0.075865306
Accuracy: 0.7121464226289518
Precision: 0.6004728132387707
Recall: 0.9844961240310077
