Training Time: 1.3203362
Testing Time: 0.1174785
Accuracy: 0.7938144329896907
Precision: 0.7758620689655172
Recall: 0.4891304347826087
