Training Time: 506.7518
Testing Time: 8.231437
Accuracy: 0.8591065292096219
Precision: 0.9636363636363636
Recall: 0.5760869565217391
