Training Time: 2178.413
Testing Time: 10.139663
Accuracy: 0.8556701030927835
Precision: 0.9310344827586207
Recall: 0.5869565217391305
