Training Time: 10.042671
Testing Time: 1.5209607
Accuracy: 0.7560137457044673
Precision: 0.7410714285714286
Recall: 0.664
