Training Time: 116.18063
Testing Time: 2.8574696
Accuracy: 0.7525773195876289
Precision: 0.8117647058823529
Recall: 0.552
