Training Time: 187490.25
Testing Time: 0.99504894
Accuracy: 0.7972508591065293
Precision: 0.8235294117647058
Recall: 0.672
