Training Time: 1.6955525
Testing Time: 0.0522295
Accuracy: 0.7285223367697594
Precision: 0.7053571428571429
Recall: 0.632
