Training Time: 2.5444062
Testing Time: 0.16874701
Accuracy: 0.487012987012987
Precision: 0.9130434782608695
Recall: 1.0
