Training Time: 1.0442355
Testing Time: 0.06642
Accuracy: 0.5324675324675324
Precision: 0.9545454545454546
Recall: 1.0
