Training Time: 34.049553
Testing Time: 0.77565265
Accuracy: 0.4935064935064935
Precision: 0.9333333333333333
Recall: 1.0
