Training Time: 244.31337
Testing Time: 1.0916026
Accuracy: 0.5
Precision: 0.9767441860465116
Recall: 1.0
