Training Time: 0.8893961
Testing Time: 0.2490626
Accuracy: 0.676
Precision: 0.6666666666666666
Recall: 0.704
