Training Time: 1.0596415
Testing Time: 1.1417693
Accuracy: 0.9177777777777778
Precision: 0.9142857142857143
Recall: 0.18285714285714286
