Training Time: 15.099816
Testing Time: 6.898869
Accuracy: 0.9197777777777778
Precision: 0.8717948717948718
Recall: 0.19428571428571428
