Training Time: 84.29687
Testing Time: 3.900431
Accuracy: 0.9304444444444444
Precision: 0.4
Recall: 0.09090909090909091
