Training Time: 2.1839595
Testing Time: 0.0369502
Accuracy: 0.6
Precision: 0.625
Recall: 0.5
