Training Time: 0.472656
Testing Time: 0.0482689
Accuracy: 0.65
Precision: 0.6363636363636364
Recall: 0.7
