Training Time: 57.89642
Testing Time: 0.1009654
Accuracy: 0.7
Precision: 0.6666666666666666
Recall: 0.8
