Training Time: 1.6354544
Testing Time: 0.1325506
Accuracy: 0.6481481481481481
Precision: 0.8333333333333334
Recall: 0.37037037037037035
