Training Time: 51.592106
Testing Time: 0.2849491
Accuracy: 0.6481481481481481
Precision: 0.6666666666666666
Recall: 0.5925925925925926
