Training Time: 4.6540356
Testing Time: 0.34877512
Accuracy: 0.6296296296296297
Precision: 0.8181818181818182
Recall: 0.3333333333333333
