Training Time: 432.07132
Testing Time: 0.4689403
Accuracy: 0.8666666666666667
Precision: 0.8461538461538461
Recall: 0.9166666666666666
