Training Time: 30.289171
Testing Time: 1.2662843
Accuracy: 0.8666666666666667
Precision: 0.9166666666666666
Recall: 0.9166666666666666
