Training Time: 3606.4185
Testing Time: 2.8290045
Accuracy: 0.9333333333333333
Precision: 0.9166666666666666
Recall: 0.9166666666666666
