Training Time: 64.95364
Testing Time: 0.14972623
Accuracy: 0.8666666666666667
Precision: 0.9166666666666666
Recall: 0.9166666666666666
