Training Time: 22.971144
Testing Time: 2.566559
Accuracy: 0.8666666666666667
Precision: 0.8461538461538461
Recall: 0.9166666666666666
