Training Time: 0.1504097
Testing Time: 0.0606885
Accuracy: 0.59375
Precision: 0.5
Recall: 0.4230769230769231
