Training Time: 234.53911
Testing Time: 0.5716106
Accuracy: 0.53125
Precision: 0.4
Recall: 0.3076923076923077
