Training Time: 0.065726
Testing Time: 0.663338
Accuracy: 0.53125
Precision: 0.45
Recall: 0.6923076923076923
