Training Time: 60.017487
Testing Time: 0.299782
Accuracy: 0.677536231884058
Precision: 0.6585365853658537
Recall: 0.46956521739130436
