Training Time: 1.2935055
Testing Time: 0.0644475
Accuracy: 0.8213058419243986
Precision: 0.8225806451612904
Recall: 0.5543478260869565
