Training Time: 127.31333
Testing Time: 3.2462175
Accuracy: 0.8316151202749141
Precision: 0.9777777777777777
Recall: 0.4782608695652174
