Training Time: 27.942781
Testing Time: 3.9364622
Accuracy: 0.8144329896907216
Precision: 0.8392857142857143
Recall: 0.5108695652173914
