Training Time: 4091.4387
Testing Time: 126.05282
Accuracy: 0.8556701030927835
Precision: 0.8289473684210527
Recall: 0.6847826086956522
