Training Time: 2.142278
Testing Time: 0.057831
Accuracy: 0.8762886597938144
Precision: 0.868421052631579
Recall: 0.717391304347826
