Training Time: 215.97156
Testing Time: 0.26205128
Accuracy: 0.9333333333333333
Precision: 0.8695652173913043
Recall: 1.0
