Training Time: 6.7261844
Testing Time: 0.99275553
Accuracy: 0.8833333333333333
Precision: 0.8695652173913043
Recall: 1.0
