Training Time: 2.0798435
Testing Time: 0.0663776
Accuracy: 0.5777777777777777
Precision: 0.7333333333333333
Recall: 0.24444444444444444
