Training Time: 0.0315326
Testing Time: 0.0664881
Accuracy: 0.7444444444444445
Precision: 0.7340425531914894
Recall: 0.7666666666666667
