Training Time: 418.84827
Testing Time: 3.936549
Accuracy: 0.5111111111111111
Precision: 0.5151515151515151
Recall: 0.37777777777777777
