Training Time: 3.498596
Testing Time: 0.040676
Accuracy: 0.6444444444444445
Precision: 0.6756756756756757
Recall: 0.5555555555555556
