Training Time: 0.8252519
Testing Time: 0.2045291
Accuracy: 0.8181818181818182
Precision: 0.8064516129032258
Recall: 0.7575757575757576
