Training Time: 106289.89
Testing Time: 177.956
Accuracy: 0.7662337662337663
Precision: 0.7272727272727273
Recall: 0.7272727272727273
