Training Time: 1832.9933
Testing Time: 40.800663
Accuracy: 0.7922077922077922
Precision: 0.7428571428571429
Recall: 0.7878787878787878
