Training Time: 897.1837
Testing Time: 0.6786127
Accuracy: 0.6103896103896104
Precision: 0.5384615384615384
Recall: 0.6363636363636364
