Training Time: 1.1172369
Testing Time: 0.0719088
Accuracy: 0.5909090909090909
Precision: 0.9545454545454546
Recall: 1.0
