Training Time: 2.5151236
Testing Time: 0.0540323
Accuracy: 0.5
Precision: 0.9333333333333333
Recall: 1.0
