Training Time: 0.1151434
Testing Time: 0.0396337
Accuracy: 0.5740740740740741
Precision: 0.5588235294117647
Recall: 0.7037037037037037
