Training Time: 96.29659
Testing Time: 0.4604258
Accuracy: 0.7777777777777778
Precision: 0.7777777777777778
Recall: 0.7777777777777778
