Training Time: 681.08655
Testing Time: 0.7079312
Accuracy: 0.5
Precision: 0.5
Recall: 0.4074074074074074
