Training Time: 11.414752
Testing Time: 1.4944015
Accuracy: 0.7407407407407407
Precision: 0.8095238095238095
Recall: 0.6296296296296297
