Training Time: 0.81203735
Testing Time: 0.0565032
Accuracy: 0.577922077922078
Precision: 0.5384615384615384
Recall: 0.2413793103448276
