Training Time: 168.15558
Testing Time: 2.0801783
Accuracy: 0.5844155844155844
Precision: 0.4375
Recall: 0.2413793103448276
