Training Time: 827.50476
Testing Time: 3.9086244
Accuracy: 0.538961038961039
Precision: 0.4117647058823529
Recall: 0.2413793103448276
