Training Time: 37.97339
Testing Time: 3.0707097
Accuracy: 0.5714285714285714
Precision: 0.47368421052631576
Recall: 0.3103448275862069
