Training Time: 0.0555555
Testing Time: 0.0737893
Accuracy: 0.6306156405990017
Precision: 0.5384615384615384
Recall: 0.9767441860465116
