Training Time: 0.0311101
Testing Time: 0.1155347
Accuracy: 0.7554076539101497
Precision: 0.6390977443609023
Recall: 0.9883720930232558
