Training Time: 8.982606
Testing Time: 1.3121581
Accuracy: 0.7210144927536232
Precision: 0.7878787878787878
Recall: 0.45217391304347826
