Training Time: 105.57691
Testing Time: 2.3917391
Accuracy: 0.7282608695652174
Precision: 0.8333333333333334
Recall: 0.43478260869565216
