Training Time: 415.37616
Testing Time: 0.1495032
Accuracy: 0.7463768115942029
Precision: 0.7272727272727273
Recall: 0.6260869565217392
