Training Time: 1.9772377
Testing Time: 0.0496004
Accuracy: 0.7608695652173914
Precision: 0.7378640776699029
Recall: 0.6608695652173913
