Training Time: 0.24889751
Testing Time: 0.0139553
Accuracy: 0.5853658536585366
Precision: 0.868421052631579
Recall: 0.9166666666666666
