Training Time: 4.0030313
Testing Time: 0.114885
Accuracy: 0.7463414634146341
Precision: 0.8780487804878049
Recall: 1.0
