Training Time: 0.0948186
Testing Time: 0.0274443
Accuracy: 0.4444444444444444
Precision: 0.43478260869565216
Recall: 0.37037037037037035
