Training Time: 51.781113
Testing Time: 0.2743136
Accuracy: 0.6296296296296297
Precision: 0.64
Recall: 0.5925925925925926
