Training Time: 0.1147466
Testing Time: 0.0461696
Accuracy: 0.8
Precision: 0.6666666666666666
Recall: 1.0
