Training Time: 1693.3668
Testing Time: 10.414788
Accuracy: 0.9333333333333333
Precision: 0.8333333333333334
Recall: 1.0
