Training Time: 46.301632
Testing Time: 2.7556891
Accuracy: 0.9
Precision: 0.9090909090909091
Recall: 1.0
