Training Time: 4.1262665
Testing Time: 1.0367887
Accuracy: 0.9809523809523809
Precision: 1.0
Recall: 1.0
