Training Time: 0.1982833
Testing Time: 0.0429892
Accuracy: 0.9809523809523809
Precision: 1.0
Recall: 1.0
