Training Time: 10.565318
Testing Time: 1.629514
Accuracy: 0.9714285714285714
Precision: 1.0
Recall: 1.0
