Training Time: 0.0383004
Testing Time: 0.1748005
Accuracy: 0.8888888888888888
Precision: 0.8181818181818182
Recall: 1.0
