Training Time: 552.49817
Testing Time: 53.268288
Accuracy: 0.6111111111111112
Precision: 0.6190476190476191
Recall: 0.5777777777777777
