Training Time: 3.8752654
Testing Time: 0.3491244
Accuracy: 1.0
Precision: 1.0
Recall: 1.0
