Training Time: 8.562109
Testing Time: 0.5351413
Accuracy: 0.7482014388489209
Precision: 0.0
Recall: 0.0
