Training Time: 0.94812053
Testing Time: 0.0708325
Accuracy: 0.7482014388489209
Precision: 0.0
Recall: 0.0
