Training Time: 104.489204
Testing Time: 1.1718137
Accuracy: 0.7482014388489209
Precision: 0.0
Recall: 0.0
