Training Time: 1036.3928
Testing Time: 4.759977
Accuracy: 0.7482014388489209
Precision: 0.0
Recall: 0.0
