Training Time: 45.751736
Testing Time: 0.7279465
Accuracy: 1.0
Precision: 1.0
Recall: 1.0
