Training Time: 0.0488771
Testing Time: 0.2562194
Accuracy: 1.0
Precision: 1.0
Recall: 1.0
