Training Time: 125.29296
Testing Time: 2.0770228
Accuracy: 1.0
Precision: 1.0
Recall: 1.0
