Training Time: 1258.6577
Testing Time: 123.134
Accuracy: 0.6666666666666666
Precision: 0.631578947368421
Recall: 0.8
