Training Time: 166.68106
Testing Time: 5.862998
Accuracy: 0.692
Precision: 0.7307692307692307
Recall: 0.608
