Training Time: 0.0688808
Testing Time: 0.0348146
Accuracy: 0.7666666666666667
Precision: 0.7857142857142857
Recall: 0.9166666666666666
