Training Time: 547.7623
Testing Time: 2.7523458
Accuracy: 0.8666666666666667
Precision: 0.8461538461538461
Recall: 0.9166666666666666
