Training Time: 8.62685
Testing Time: 0.38366088
Accuracy: 0.8666666666666667
Precision: 0.9166666666666666
Recall: 0.9166666666666666
