Training Time: 0.75748307
Testing Time: 0.1430376
Accuracy: 0.6883116883116883
Precision: 0.5714285714285714
Recall: 0.5
