Training Time: 2629.535
Testing Time: 2.8638227
Accuracy: 0.5584415584415584
Precision: 1.0
Recall: 0.5
