Training Time: 568.4875
Testing Time: 8.435164
Accuracy: 0.5584415584415584
Precision: 1.0
Recall: 0.5
