Training Time: 0.0026503
Testing Time: 0.0117616
Accuracy: 0.46256239600665555
Precision: 0.4432809773123909
Recall: 0.9844961240310077
