Training Time: 0.0263954
Testing Time: 0.0811543
Accuracy: 0.5374376039933444
Precision: 0.4811320754716981
Recall: 0.9883720930232558
