Training Time: 0.094766304
Testing Time: 0.10236391
Accuracy: 0.43261231281198004
Precision: 0.4307178631051753
Recall: 1.0
