Training Time: 0.78587395
Testing Time: 0.009114
Accuracy: 0.7504159733777038
Precision: 0.6391752577319587
Recall: 0.9612403100775194
