Training Time: 35.390705
Testing Time: 2.5101771
Accuracy: 0.6103896103896104
Precision: 0.5245901639344263
Recall: 0.9696969696969697
