Training Time: 0.49273548
Testing Time: 0.0393462
Accuracy: 0.7662337662337663
Precision: 0.6923076923076923
Recall: 0.8181818181818182
