Training Time: 534.6231
Testing Time: 1.9072764
Accuracy: 0.7532467532467533
Precision: 0.71875
Recall: 0.696969696969697
