Training Time: 4842.542
Testing Time: 18.74831
Accuracy: 0.6363636363636364
Precision: 0.5714285714285714
Recall: 0.6060606060606061
