Training Time: 90.84304
Testing Time: 4.8661995
Accuracy: 0.5974025974025974
Precision: 0.515625
Recall: 1.0
