Training Time: 2.2223043
Testing Time: 0.1916637
Accuracy: 0.5773195876288659
Precision: 0.5384615384615384
Recall: 0.112
