Training Time: 5.221764
Testing Time: 0.41966277
Accuracy: 0.5979381443298969
Precision: 0.521978021978022
Recall: 0.76
