Training Time: 24.438414
Testing Time: 0.28441378
Accuracy: 0.53125
Precision: 0.42857142857142855
Recall: 0.46153846153846156
