Training Time: 50.790405
Testing Time: 1.1870515
Accuracy: 0.59375
Precision: 0.5
Recall: 0.38461538461538464
