Training Time: 28.001442
Testing Time: 0.5756306
Accuracy: 0.7194244604316546
Precision: 0.8181818181818182
Recall: 0.6923076923076923
