Training Time: 145.81358
Testing Time: 0.3356382
Accuracy: 0.6690647482014388
Precision: 0.7719298245614035
Recall: 0.676923076923077
