Training Time: 85253.55
Testing Time: 11.983243
Accuracy: 0.7410071942446043
Precision: 0.8431372549019608
Recall: 0.6615384615384615
