Training Time: 0.2565716
Testing Time: 0.0176134
Accuracy: 0.4675324675324675
Precision: 0.8541666666666666
Recall: 0.9761904761904762
