Training Time: 4.1087513
Testing Time: 0.0937306
Accuracy: 0.5324675324675324
Precision: 0.8541666666666666
Recall: 0.9761904761904762
