Training Time: 25.898848
Testing Time: 0.0104082
Accuracy: 0.5584415584415584
Precision: 0.9302325581395349
Recall: 0.9523809523809523
