Training Time: 0.1105127
Testing Time: 0.032253
Accuracy: 0.640625
Precision: 0.5789473684210527
Recall: 0.4230769230769231
