Training Time: 9.546213
Testing Time: 0.3213596
Accuracy: 0.53125
Precision: 0.4166666666666667
Recall: 0.38461538461538464
