Training Time: 64.54243
Testing Time: 130.19833
Accuracy: 0.987183646982479
Precision: 0.9916107382550335
Recall: 0.8887218045112782
