Training Time: 1.1346842
Testing Time: 1.184992
Accuracy: 0.9931862426995457
Precision: 0.9984
Recall: 0.9383458646616541
