Training Time: 750.7288
Testing Time: 202.78204
Accuracy: 0.987183646982479
Precision: 0.9982993197278912
Recall: 0.8827067669172932
