Training Time: 292.22604
Testing Time: 603.749
Accuracy: 0.9961064243997404
Precision: 0.9893129770992366
Recall: 0.9744360902255639
