Training Time: 4051.7424
Testing Time: 2274.2588
Accuracy: 0.9938351719662557
Precision: 0.9728506787330317
Recall: 0.9699248120300752
