Training Time: 117.55636
Testing Time: 24.162008
Accuracy: 0.9702702702702702
Precision: 0.9481481481481482
Recall: 0.9696969696969697
