Training Time: 1.4728496
Testing Time: 0.2849915
Accuracy: 0.9135135135135135
Precision: 0.8623188405797102
Recall: 0.9015151515151515
