Training Time: 1286.8278
Testing Time: 17.753878
Accuracy: 0.972972972972973
Precision: 0.9485294117647058
Recall: 0.9772727272727273
