Training Time: 5709.626
Testing Time: 30.043676
Accuracy: 0.9756756756756757
Precision: 0.9624060150375939
Recall: 0.9696969696969697
