Training Time: 172.4689
Testing Time: 5.8575807
Accuracy: 0.5454545454545454
Precision: 0.48333333333333334
Recall: 0.8787878787878788
