Training Time: 0.61090434
Testing Time: 0.1088169
Accuracy: 0.7792207792207793
Precision: 0.75
Recall: 0.7272727272727273
