Training Time: 6.346205
Testing Time: 0.15638381
Accuracy: 0.75
Precision: 1.0
Recall: 0.5
