Training Time: 0.0702672
Testing Time: 0.0360245
Accuracy: 0.75
Precision: 1.0
Recall: 0.5
