Training Time: 183.83566
Testing Time: 0.22557631
Accuracy: 0.95
Precision: 1.0
Recall: 0.9
