Training Time: 10.016315
Testing Time: 0.384731
Accuracy: 0.75
Precision: 1.0
Recall: 0.5
