Training Time: 2.8284085
Testing Time: 0.17822781
Accuracy: 0.9
Precision: 1.0
Recall: 0.8
