Training Time: 0.0423264
Testing Time: 0.0211489
Accuracy: 0.7
Precision: 0.75
Recall: 0.6
