Training Time: 34.695045
Testing Time: 5.184558
Accuracy: 0.7766323024054983
Precision: 0.7830188679245284
Recall: 0.664
