Training Time: 414.6212
Testing Time: 6.021993
Accuracy: 0.7525773195876289
Precision: 0.8441558441558441
Recall: 0.52
