Training Time: 0.0258458
Testing Time: 0.07871751
Accuracy: 0.9215686274509803
Precision: 0.9456521739130435
Recall: 1.0
