Training Time: 7.776915
Testing Time: 0.7713434
Accuracy: 0.8856209150326797
Precision: 1.0
Recall: 1.0
