Training Time: 3125.9165
Testing Time: 1.7282859
Accuracy: 0.9379084967320261
Precision: 0.9886363636363636
Recall: 1.0
