Training Time: 38.07515
Testing Time: 74.168686
Accuracy: 0.9892926670992862
Precision: 0.9807383627608347
Recall: 0.9187969924812031
