Training Time: 1.3754656
Testing Time: 1.4461647
Accuracy: 0.9881570408825439
Precision: 0.9668769716088328
Recall: 0.9218045112781955
