Training Time: 125.31833
Testing Time: 326.25574
Accuracy: 0.9957819597663855
Precision: 0.9790104947526237
Recall: 0.9819548872180451
