Training Time: 0.2278652
Testing Time: 0.0327967
Accuracy: 0.8666666666666667
Precision: 0.8333333333333334
Recall: 1.0
