Training Time: 6.5518856
Testing Time: 0.130237
Accuracy: 0.8833333333333333
Precision: 0.8695652173913043
Recall: 1.0
