Training Time: 29.507221
Testing Time: 0.0170602
Accuracy: 0.9166666666666666
Precision: 0.8695652173913043
Recall: 1.0
