Training Time: 9.538994
Testing Time: 1.1376532
Accuracy: 0.6038961038961039
Precision: 0.5
Recall: 0.3448275862068966
