Training Time: 0.74435467
Testing Time: 0.0520926
Accuracy: 0.5974025974025974
Precision: 0.5625
Recall: 0.3103448275862069
