Training Time: 122.46134
Testing Time: 1.9118567
Accuracy: 0.5974025974025974
Precision: 0.6923076923076923
Recall: 0.3103448275862069
