Training Time: 662.02673
Testing Time: 1.4335988
Accuracy: 0.5714285714285714
Precision: 0.47368421052631576
Recall: 0.3103448275862069
