Training Time: 114672.664
Testing Time: 1.8548898
Accuracy: 0.6038961038961039
Precision: 0.6428571428571429
Recall: 0.3103448275862069
