Training Time: 24.392866
Testing Time: 2.647483
Accuracy: 0.5974025974025974
Precision: 0.47619047619047616
Recall: 0.3448275862068966
