Training Time: 22.104343
Testing Time: 58.937466
Accuracy: 0.9331111111111111
Precision: 0.7121212121212122
Recall: 0.26857142857142857
