Training Time: 10.297251
Testing Time: 3.3348265
Accuracy: 0.932
Precision: 0.8333333333333334
Recall: 0.22857142857142856
