Training Time: 338.49887
Testing Time: 44.028477
Accuracy: 0.9108108108108108
Precision: 0.8367346938775511
Recall: 0.9318181818181818
