Training Time: 13969.862
Testing Time: 70.293045
Accuracy: 0.9081081081081082
Precision: 0.85
Recall: 0.9015151515151515
