Training Time: 1056.2964
Testing Time: 126.345436
Accuracy: 0.9135135135135135
Precision: 0.8424657534246576
Recall: 0.9318181818181818
