Training Time: 2.233266
Testing Time: 0.1540495
Accuracy: 0.6485507246376812
Precision: 0.6451612903225806
Recall: 0.34782608695652173
