Training Time: 1.5414506
Testing Time: 0.0426684
Accuracy: 0.7608695652173914
Precision: 0.7525773195876289
Recall: 0.6347826086956522
