Training Time: 33.891693
Testing Time: 1.0025223
Accuracy: 0.6086956521739131
Precision: 0.7333333333333333
Recall: 0.09565217391304348
