Training Time: 183.12315
Testing Time: 0.85409653
Accuracy: 0.7971014492753623
Precision: 0.8105263157894737
Recall: 0.6695652173913044
