Training Time: 187124.86
Testing Time: 3.361973
Accuracy: 0.7355072463768116
Precision: 0.7019230769230769
Recall: 0.6347826086956522
