Training Time: 5.8504605
Testing Time: 1.1217414
Accuracy: 1.0
Precision: 1.0
Recall: 1.0
