Training Time: 0.0496054
Testing Time: 0.2696079
Accuracy: 1.0
Precision: 1.0
Recall: 1.0
