Training Time: 1642.4552
Testing Time: 11.442045
Accuracy: 0.5777777777777777
Precision: 0.5897435897435898
Recall: 0.5111111111111111
