Training Time: 12.089499
Testing Time: 1.7157245
Accuracy: 1.0
Precision: 1.0
Recall: 1.0
