Training Time: 2.7829065
Testing Time: 0.0306661
Accuracy: 0.65
Precision: 0.6666666666666666
Recall: 0.6
