Training Time: 0.1628882
Testing Time: 0.0033356
Accuracy: 0.5
Precision: 0.0
Recall: 0.0
