Training Time: 4.2428737
Testing Time: 0.5850242
Accuracy: 0.8634146341463415
Precision: 0.93
Recall: 0.93
