Training Time: 57.44636
Testing Time: 1.3633932
Accuracy: 0.8536585365853658
Precision: 0.9393939393939394
Recall: 0.93
