Training Time: 237.0654
Testing Time: 0.1412821
Accuracy: 0.8341463414634146
Precision: 0.9038461538461539
Recall: 0.94
