Training Time: 118102.164
Testing Time: 19.560375
Accuracy: 0.8682926829268293
Precision: 0.9215686274509803
Recall: 0.94
