Training Time: 12.613219
Testing Time: 1.320707
Accuracy: 0.8585365853658536
Precision: 0.9215686274509803
Recall: 0.94
