Training Time: 195.45966
Testing Time: 0.0489798
Accuracy: 0.8195121951219512
Precision: 0.9215686274509803
Recall: 0.94
