Training Time: 2901.0728
Testing Time: 2.4966547
Accuracy: 0.7482014388489209
Precision: 0.0
Recall: 0.0
