Training Time: 125004.37
Testing Time: 2.0379508
Accuracy: 0.7482014388489209
Precision: 0.0
Recall: 0.0
