Training Time: 770.9825
Testing Time: 21.999224
Accuracy: 0.7482014388489209
Precision: 0.0
Recall: 0.0
