Training Time: 4.9349895
Testing Time: 0.1288514
Accuracy: 0.5454545454545454
Precision: 1.0
Recall: 0.5
