Training Time: 0.5659554
Testing Time: 0.0224752
Accuracy: 0.5714285714285714
Precision: 1.0
Recall: 0.5
