Training Time: 675.9675
Testing Time: 2.8636088
Accuracy: 0.4935064935064935
Precision: 0.5
Recall: 0.625
