Training Time: 1.0890205
Testing Time: 0.24507609
Accuracy: 0.9166666666666666
Precision: 0.9090909090909091
Recall: 1.0
