Training Time: 27.745182
Testing Time: 0.3153048
Accuracy: 0.9333333333333333
Precision: 0.9090909090909091
Recall: 1.0
