Training Time: 14953.859
Testing Time: 0.2753272
Accuracy: 0.8833333333333333
Precision: 0.8695652173913043
Recall: 1.0
