Training Time: 3.325716
Testing Time: 0.5038327
Accuracy: 0.9166666666666666
Precision: 0.9090909090909091
Recall: 1.0
