Training Time: 1.1402737
Testing Time: 1.391801
Accuracy: 0.932
Precision: 0.6935483870967742
Recall: 0.24571428571428572
