Training Time: 788.551
Testing Time: 108.85825
Accuracy: 0.9364444444444444
Precision: 0.6966292134831461
Recall: 0.35428571428571426
