Training Time: 202.1859
Testing Time: 466.80942
Accuracy: 0.9377777777777778
Precision: 0.7294117647058823
Recall: 0.35428571428571426
