Training Time: 1.1471465
Testing Time: 0.107041694
Accuracy: 0.97
Precision: 0.8636363636363636
Recall: 1.0
