Training Time: 2.138832
Testing Time: 0.0407084
Accuracy: 0.625
Precision: 0.55
Recall: 0.4230769230769231
