Training Time: 4.712234
Testing Time: 0.44403642
Accuracy: 0.7194244604316546
Precision: 0.8035714285714286
Recall: 0.6923076923076923
