Training Time: 59.052402
Testing Time: 0.9574083
Accuracy: 0.7338129496402878
Precision: 0.8269230769230769
Recall: 0.6615384615384615
