Training Time: 268.56018
Testing Time: 0.9780397
Accuracy: 0.7410071942446043
Precision: 0.8461538461538461
Recall: 0.676923076923077
