Training Time: 13.169471
Testing Time: 0.8180241
Accuracy: 0.7266187050359713
Precision: 0.8035714285714286
Recall: 0.6923076923076923
