Training Time: 1173.488
Testing Time: 40.49253
Accuracy: 0.7338129496402878
Precision: 0.8431372549019608
Recall: 0.6615384615384615
