Training Time: 2.5771298
Testing Time: 0.0330738
Accuracy: 0.7553956834532374
Precision: 0.8363636363636363
Recall: 0.7076923076923077
