Training Time: 0.0629578
Testing Time: 0.01797
Accuracy: 0.9333333333333333
Precision: 0.8636363636363636
Recall: 0.95
