Training Time: 48.644505
Testing Time: 0.2151131
Accuracy: 0.8666666666666667
Precision: 0.9090909090909091
Recall: 1.0
