Training Time: 175.74016
Testing Time: 1.9492131
Accuracy: 0.9333333333333333
Precision: 0.8636363636363636
Recall: 0.95
