Training Time: 1.0285678
Testing Time: 0.0599539
Accuracy: 0.551948051948052
Precision: 0.9545454545454546
Recall: 1.0
