Training Time: 99.70859
Testing Time: 1.5578464
Accuracy: 0.538961038961039
Precision: 0.9545454545454546
Recall: 1.0
