Training Time: 20.40311
Testing Time: 1.8356246
Accuracy: 0.5584415584415584
Precision: 0.9545454545454546
Recall: 1.0
