Training Time: 207.19566
Testing Time: 1.5550034
Accuracy: 0.7050359712230215
Precision: 0.8723404255319149
Recall: 0.6307692307692307
