Training Time: 1028.9679
Testing Time: 3.6833637
Accuracy: 0.7338129496402878
Precision: 0.8363636363636363
Recall: 0.7076923076923077
