Training Time: 130752.0
Testing Time: 1.9031847
Accuracy: 0.7553956834532374
Precision: 0.8775510204081632
Recall: 0.6615384615384615
