Training Time: 1.4363933
Testing Time: 3.1969595
Accuracy: 0.9969175859831279
Precision: 0.9984567901234568
Recall: 0.9729323308270676
