Training Time: 3321.5242
Testing Time: 322.40265
Accuracy: 0.9965931213497728
Precision: 0.9938650306748467
Recall: 0.9744360902255639
