Training Time: 1917.3467
Testing Time: 2527.4312
Accuracy: 0.9985399091499026
Precision: 0.9924924924924925
Recall: 0.9939849624060151
