Training Time: 139.85838
Testing Time: 1.192481
Accuracy: 1.0
Precision: 1.0
Recall: 1.0
