Training Time: 841.8797
Testing Time: 0.21218391
Accuracy: 0.9714285714285714
Precision: 1.0
Recall: 1.0
