Training Time: 15.432996
Testing Time: 0.9210519
Accuracy: 1.0
Precision: 1.0
Recall: 1.0
