Training Time: 0.039871
Testing Time: 0.175061
Accuracy: 0.8195121951219512
Precision: 0.9393939393939394
Recall: 0.93
