Training Time: 0.0052508
Testing Time: 0.007607
Accuracy: 0.5058236272878536
Precision: 0.46285714285714286
Recall: 0.9418604651162791
