Training Time: 0.0264686
Testing Time: 0.0533
Accuracy: 0.632279534109817
Precision: 0.5394456289978679
Recall: 0.9806201550387597
