Training Time: 0.21963981
Testing Time: 0.20269871
Accuracy: 0.4292845257903494
Precision: 0.4292845257903494
Recall: 1.0
