Training Time: 0.0073375
Testing Time: 0.0083402
Accuracy: 0.6738768718801996
Precision: 0.7924528301886793
Recall: 0.32558139534883723
