Training Time: 334.0846
Testing Time: 0.1382759
Accuracy: 0.8
Precision: 0.8461538461538461
Recall: 0.9166666666666666
