Training Time: 5.770054
Testing Time: 0.22645581
Accuracy: 0.8666666666666667
Precision: 0.9166666666666666
Recall: 0.9166666666666666
