Training Time: 3.51986
Testing Time: 0.3115542
Accuracy: 0.9
Precision: 0.9166666666666666
Recall: 0.9166666666666666
