Training Time: 42.563725
Testing Time: 0.65470225
Accuracy: 1.0
Precision: 1.0
Recall: 1.0
