Training Time: 3.54052
Testing Time: 2.0045102
Accuracy: 1.0
Precision: 1.0
Recall: 1.0
