Training Time: 112.418495
Testing Time: 1.7533233
Accuracy: 0.577922077922078
Precision: 0.5333333333333333
Recall: 0.27586206896551724
