Training Time: 113165.69
Testing Time: 2.188788
Accuracy: 0.5909090909090909
Precision: 0.5625
Recall: 0.3103448275862069
