Training Time: 59.382233
Testing Time: 7.6059637
Accuracy: 0.8625429553264605
Precision: 0.8939393939393939
Recall: 0.6413043478260869
