Training Time: 1.4421135
Testing Time: 0.1633621
Accuracy: 0.8384879725085911
Precision: 0.8947368421052632
Recall: 0.5543478260869565
