Training Time: 667.5109
Testing Time: 8.426748
Accuracy: 0.852233676975945
Precision: 0.9152542372881356
Recall: 0.5869565217391305
