Training Time: 151730.83
Testing Time: 40.975086
Accuracy: 0.872852233676976
Precision: 0.9365079365079365
Recall: 0.6413043478260869
