Training Time: 4178.3765
Testing Time: 138.12904
Accuracy: 0.9106529209621993
Precision: 0.9024390243902439
Recall: 0.8043478260869565
