Training Time: 744.9909
Testing Time: 0.32283983
Accuracy: 0.8384879725085911
Precision: 0.8688524590163934
Recall: 0.5760869565217391
