Training Time: 15.705691
Testing Time: 0.4953453
Accuracy: 0.8694158075601375
Precision: 0.8970588235294118
Recall: 0.6630434782608695
