Training Time: 11.615996
Testing Time: 1.6928931
Accuracy: 0.7353951890034365
Precision: 0.7272727272727273
Recall: 0.2608695652173913
