Training Time: 1.3220692
Testing Time: 0.0730066
Accuracy: 0.8041237113402062
Precision: 0.7692307692307693
Recall: 0.5434782608695652
