Training Time: 149.86865
Testing Time: 3.2780848
Accuracy: 0.7457044673539519
Precision: 0.95
Recall: 0.20652173913043478
