Training Time: 30.727018
Testing Time: 4.5848637
Accuracy: 0.6872852233676976
Precision: 0.5040650406504065
Recall: 0.6739130434782609
