Training Time: 3694.5667
Testing Time: 124.91183
Accuracy: 0.7903780068728522
Precision: 0.7246376811594203
Recall: 0.5434782608695652
