Training Time: 2.0137963
Testing Time: 0.0580181
Accuracy: 0.7628865979381443
Precision: 0.6885245901639344
Recall: 0.45652173913043476
