Training Time: 1.9076269
Testing Time: 1.2254373
Accuracy: 0.9933333333333333
Precision: 0.9866666666666667
Recall: 1.0
