Training Time: 208.56155
Testing Time: 6.775752
Accuracy: 0.9933333333333333
Precision: 0.9866666666666667
Recall: 1.0
