Training Time: 4.537409
Testing Time: 2.3821743
Accuracy: 1.0
Precision: 1.0
Recall: 1.0
