Training Time: 56.21034
Testing Time: 0.1475641
Accuracy: 0.7216494845360825
Precision: 0.5846153846153846
Recall: 0.41304347826086957
