Training Time: 19.904608
Testing Time: 3.4087224
Accuracy: 0.8634146341463415
Precision: 0.9393939393939394
Recall: 0.93
