Training Time: 1148.831
Testing Time: 2.4973295
Accuracy: 0.8292682926829268
Precision: 0.9207920792079208
Recall: 0.93
