Training Time: 63.33211
Testing Time: 8.277449
Accuracy: 0.848780487804878
Precision: 0.93
Recall: 0.93
