Training Time: 1.4482497
Testing Time: 0.09069929
Accuracy: 0.7862318840579711
Precision: 0.7545454545454545
Recall: 0.7217391304347827
