Training Time: 367.57196
Testing Time: 5.962327
Accuracy: 0.7355072463768116
Precision: 0.8181818181818182
Recall: 0.46956521739130436
