Training Time: 85.10306
Testing Time: 10.472119
Accuracy: 0.7028985507246377
Precision: 0.7391304347826086
Recall: 0.4434782608695652
