Training Time: 528.0112
Testing Time: 37.968544
Accuracy: 0.5584415584415584
Precision: 1.0
Recall: 0.5
