Training Time: 0.9316774
Testing Time: 0.21806471
Accuracy: 0.7272727272727273
Precision: 1.0
Recall: 0.5
