Training Time: 7429.8022
Testing Time: 6.165189
Accuracy: 0.5844155844155844
Precision: 1.0
Recall: 0.5
