Training Time: 1597.5737
Testing Time: 5.6182303
Accuracy: 0.5584415584415584
Precision: 1.0
Recall: 0.5
