Training Time: 20.957245
Testing Time: 58.678787
Accuracy: 0.9382222222222222
Precision: 1.0
Recall: 0.045454545454545456
