Training Time: 230.39056
Testing Time: 65.169815
Accuracy: 0.9424444444444444
Precision: 0.7846153846153846
Recall: 0.2914285714285714
