Training Time: 167740.31
Testing Time: 96.72277
Accuracy: 0.9402222222222222
Precision: 0.9302325581395349
Recall: 0.22857142857142856
