Training Time: 54.99899
Testing Time: 141.42908
Accuracy: 0.9406666666666667
Precision: 1.0
Recall: 0.045454545454545456
