Training Time: 10.163888
Testing Time: 2.9178405
Accuracy: 0.9457777777777778
Precision: 0.8421052631578947
Recall: 0.2742857142857143
