Training Time: 0.03522
Testing Time: 0.011797
Accuracy: 0.9
Precision: 0.9
Recall: 0.9
