Training Time: 22.464033
Testing Time: 0.089095
Accuracy: 0.85
Precision: 0.8888888888888888
Recall: 0.8
