Training Time: 3821.5823
Testing Time: 0.116092496
Accuracy: 0.85
Precision: 0.8888888888888888
Recall: 0.8
