Training Time: 0.99324465
Testing Time: 0.2225589
Accuracy: 0.8311688311688312
Precision: 1.0
Recall: 0.5
