Training Time: 0.6670124
Testing Time: 0.14810391
Accuracy: 1.0
Precision: 1.0
Recall: 1.0
