Training Time: 52.512897
Testing Time: 0.0418826
Accuracy: 0.9642857142857143
Precision: 1.0
Recall: 0.9230769230769231
