Training Time: 1.436101
Testing Time: 0.2145796
Accuracy: 1.0
Precision: 1.0
Recall: 1.0
