Training Time: 0.3900073
Testing Time: 0.0675916
Accuracy: 1.0
Precision: 1.0
Recall: 1.0
