Training Time: 19.528345
Testing Time: 0.29665798
Accuracy: 0.9523809523809523
Precision: 1.0
Recall: 1.0
