Training Time: 101.632904
Testing Time: 0.9979162
Accuracy: 0.9714285714285714
Precision: 1.0
Recall: 1.0
