Training Time: 30656.54
Testing Time: 0.31299996
Accuracy: 0.8952380952380953
Precision: 1.0
Recall: 1.0
