Training Time: 0.447666
Testing Time: 0.132987
Accuracy: 0.9666666666666667
Precision: 0.948051948051948
Recall: 0.9864864864864865
