Training Time: 2.257031
Testing Time: 0.4546553
Accuracy: 0.9642857142857143
Precision: 1.0
Recall: 0.9230769230769231
