Training Time: 65.817474
Testing Time: 0.17573631
Accuracy: 0.9642857142857143
Precision: 1.0
Recall: 0.9230769230769231
