Training Time: 214.37305
Testing Time: 0.2594479
Accuracy: 0.9642857142857143
Precision: 1.0
Recall: 0.9230769230769231
