Training Time: 4.956802
Testing Time: 0.0260851
Accuracy: 0.5625
Precision: 0.45
Recall: 0.34615384615384615
