Training Time: 2.5162282
Testing Time: 0.2891351
Accuracy: 0.48333333333333334
Precision: 0.49122807017543857
Recall: 0.9333333333333333
