Training Time: 23.392054
Testing Time: 0.30003342
Accuracy: 0.9166666666666666
Precision: 0.987012987012987
Recall: 0.8444444444444444
