Training Time: 0.136888
Testing Time: 0.0709038
Accuracy: 0.9333333333333333
Precision: 0.8695652173913043
Recall: 1.0
