Training Time: 2689.694
Testing Time: 12.670482
Accuracy: 0.9333333333333333
Precision: 0.9090909090909091
Recall: 1.0
