Training Time: 16085.107
Testing Time: 0.55976534
Accuracy: 0.9333333333333333
Precision: 0.8333333333333334
Recall: 1.0
