Training Time: 62.87375
Testing Time: 2.3983777
Accuracy: 0.9166666666666666
Precision: 0.9090909090909091
Recall: 1.0
