Training Time: 74.456856
Testing Time: 0.43655366
Accuracy: 0.9333333333333333
Precision: 0.8333333333333334
Recall: 1.0
