Training Time: 18.82515
Testing Time: 3.726224
Accuracy: 0.9166666666666666
Precision: 0.9090909090909091
Recall: 1.0
