Training Time: 5.5224385
Testing Time: 1.2751858
Accuracy: 1.0
Precision: 1.0
Recall: 1.0
