Training Time: 0.1837706
Testing Time: 0.0476276
Accuracy: 0.89
Precision: 0.6818181818181818
Recall: 0.7894736842105263
