Training Time: 14.241458
Testing Time: 2.192373
Accuracy: 1.0
Precision: 1.0
Recall: 1.0
