Training Time: 5432.873
Testing Time: 4.332097
Accuracy: 0.5584415584415584
Precision: 1.0
Recall: 0.5
