Training Time: 52358.875
Testing Time: 208.98758
Accuracy: 0.6753246753246753
Precision: 0.6666666666666666
Recall: 0.5
