Training Time: 1152.2001
Testing Time: 7.253042
Accuracy: 0.5584415584415584
Precision: 1.0
Recall: 0.5
