Training Time: 4.85459
Testing Time: 0.09459
Accuracy: 0.5925925925925926
Precision: 0.5925925925925926
Recall: 0.5925925925925926
