Training Time: 0.1195792
Testing Time: 0.0363341
Accuracy: 0.5185185185185185
Precision: 0.52
Recall: 0.48148148148148145
