Training Time: 108.291855
Testing Time: 0.57799643
Accuracy: 0.7037037037037037
Precision: 0.6774193548387096
Recall: 0.7777777777777778
