Training Time: 740.9807
Testing Time: 0.5817408
Accuracy: 0.5740740740740741
Precision: 0.625
Recall: 0.37037037037037035
