Training Time: 12.120257
Testing Time: 0.4335477
Accuracy: 0.5925925925925926
Precision: 0.5862068965517241
Recall: 0.6296296296296297
