Training Time: 2.4278982
Testing Time: 0.22932489
Accuracy: 0.6439024390243903
Precision: 0.8765432098765432
Recall: 0.9861111111111112
