Training Time: 153.1606
Testing Time: 3.5810354
Accuracy: 0.7628865979381443
Precision: 0.8589743589743589
Recall: 0.536
