Training Time: 31.297438
Testing Time: 4.81321
Accuracy: 0.8041237113402062
Precision: 0.8541666666666666
Recall: 0.656
