Training Time: 6.3841867
Testing Time: 1.115879
Accuracy: 0.848780487804878
Precision: 0.9207920792079208
Recall: 0.93
