Training Time: 278.52206
Testing Time: 1.419002
Accuracy: 0.8097560975609757
Precision: 0.8857142857142857
Recall: 0.93
