Training Time: 0.0437001
Testing Time: 0.0192784
Accuracy: 1.0
Precision: 1.0
Recall: 1.0
