Training Time: 60.150314
Testing Time: 0.1922543
Accuracy: 1.0
Precision: 1.0
Recall: 1.0
