Training Time: 5.0443883
Testing Time: 0.5715509
Accuracy: 1.0
Precision: 1.0
Recall: 1.0
