Training Time: 23.475508
Testing Time: 54.539127
Accuracy: 0.9649578195976638
Precision: 0.9977827050997783
Recall: 0.6766917293233082
