Training Time: 1.2587758
Testing Time: 1.107898
Accuracy: 0.9931862426995457
Precision: 0.989010989010989
Recall: 0.9473684210526315
