Training Time: 8.788171
Testing Time: 1.1459835
Accuracy: 0.5584415584415584
Precision: 1.0
Recall: 0.5
