Training Time: 132.94167
Testing Time: 0.81581193
Accuracy: 0.5584415584415584
Precision: 1.0
Recall: 0.5
