Training Time: 1191.519
Testing Time: 5.230287
Accuracy: 0.6103896103896104
Precision: 1.0
Recall: 0.625
