Training Time: 2.590226
Testing Time: 0.6626138
Accuracy: 0.5370370370370371
Precision: 0.6666666666666666
Recall: 0.14814814814814814
