Training Time: 0.0880248
Testing Time: 0.019667
Accuracy: 0.6111111111111112
Precision: 0.75
Recall: 0.3333333333333333
