Training Time: 78.88773
Testing Time: 0.34765628
Accuracy: 0.7407407407407407
Precision: 0.8095238095238095
Recall: 0.6296296296296297
