Training Time: 588.25006
Testing Time: 2.4495525
Accuracy: 0.6666666666666666
Precision: 0.7368421052631579
Recall: 0.5185185185185185
