Training Time: 7.3603106
Testing Time: 0.93315077
Accuracy: 0.5185185185185185
Precision: 0.6
Recall: 0.1111111111111111
