Training Time: 27.093027
Testing Time: 0.212704
Accuracy: 0.5185185185185185
Precision: 0.5172413793103449
Recall: 0.5555555555555556
