Training Time: 219.4322
Testing Time: 0.120240495
Accuracy: 0.46296296296296297
Precision: 0.45454545454545453
Recall: 0.37037037037037035
