Training Time: 13691.355
Testing Time: 7.7563286
Accuracy: 0.6851851851851852
Precision: 0.7272727272727273
Recall: 0.5925925925925926
