Training Time: 3.1370811
Testing Time: 0.110053696
Accuracy: 0.5925925925925926
Precision: 0.6
Recall: 0.5555555555555556
