Training Time: 1.0514026
Testing Time: 0.0890211
Accuracy: 0.5740740740740741
Precision: 0.5666666666666667
Recall: 0.6296296296296297
