Training Time: 28.3035
Testing Time: 3.9882686
Accuracy: 0.7800687285223368
Precision: 0.7904761904761904
Recall: 0.664
