Training Time: 1.6714622
Testing Time: 0.1232608
Accuracy: 0.8075601374570447
Precision: 0.8631578947368421
Recall: 0.656
