Training Time: 405.1732
Testing Time: 7.172541
Accuracy: 0.718213058419244
Precision: 0.7866666666666666
Recall: 0.472
