Training Time: 0.98734254
Testing Time: 0.0551606
Accuracy: 0.564935064935065
Precision: 0.9545454545454546
Recall: 1.0
