Training Time: 73.65087
Testing Time: 1.5096925
Accuracy: 0.5324675324675324
Precision: 0.9545454545454546
Recall: 1.0
