Training Time: 14.931419
Testing Time: 1.1074681
Accuracy: 0.538961038961039
Precision: 0.9545454545454546
Recall: 1.0
