Training Time: 359.68134
Testing Time: 69.64396
Accuracy: 0.9375555555555556
Precision: 1.0
Recall: 0.045454545454545456
