Training Time: 1645.6844
Testing Time: 72.83579
Accuracy: 0.9364444444444444
Precision: 0.2857142857142857
Recall: 0.09090909090909091
