Training Time: 84.82545
Testing Time: 243.56607
Accuracy: 0.9395555555555556
Precision: 1.0
Recall: 0.045454545454545456
