Training Time: 267.77725
Testing Time: 559.70746
Accuracy: 0.9957819597663855
Precision: 0.9968895800933126
Recall: 0.9639097744360903
