Training Time: 3015.0618
Testing Time: 439.09384
Accuracy: 0.9980532121998702
Precision: 1.0
Recall: 0.9819548872180451
