Training Time: 201.44597
Testing Time: 3.0004432
Accuracy: 0.8634146341463415
Precision: 0.9207920792079208
Recall: 0.93
