Training Time: 916.08777
Testing Time: 2.2277882
Accuracy: 0.8292682926829268
Precision: 0.9029126213592233
Recall: 0.93
