Training Time: 9.177407
Testing Time: 1.5457872
Accuracy: 0.97
Precision: 0.8636363636363636
Recall: 1.0
