Training Time: 0.163378
Testing Time: 0.0542492
Accuracy: 0.97
Precision: 0.9444444444444444
Recall: 0.8947368421052632
