Training Time: 1148.3445
Testing Time: 1.1567435
Accuracy: 0.98
Precision: 0.9047619047619048
Recall: 1.0
