Training Time: 1.1125107
Testing Time: 0.0427038
Accuracy: 0.564935064935065
Precision: 0.9130434782608695
Recall: 1.0
