Training Time: 34.401825
Testing Time: 0.016284
Accuracy: 0.5454545454545454
Precision: 0.9534883720930233
Recall: 0.9761904761904762
