Training Time: 0.13334809
Testing Time: 0.0700675
Accuracy: 0.9
Precision: 0.85
Recall: 0.85
