Training Time: 321.32516
Testing Time: 0.85062593
Accuracy: 0.8833333333333333
Precision: 0.8333333333333334
Recall: 1.0
