Training Time: 1459.01
Testing Time: 7.849399
Accuracy: 0.9333333333333333
Precision: 0.8695652173913043
Recall: 1.0
