Training Time: 312.80722
Testing Time: 0.7782176
Accuracy: 0.9166666666666666
Precision: 0.8695652173913043
Recall: 1.0
