Training Time: 1472.4133
Testing Time: 7.144772
Accuracy: 0.9333333333333333
Precision: 0.8333333333333334
Recall: 1.0
