Training Time: 34.655895
Testing Time: 2.520445
Accuracy: 0.9166666666666666
Precision: 0.9090909090909091
Recall: 1.0
