Training Time: 0.3080431
Testing Time: 0.0265885
Accuracy: 0.6048780487804878
Precision: 0.8734177215189873
Recall: 0.9583333333333334
