Training Time: 5.186284
Testing Time: 0.1468868
Accuracy: 0.7219512195121951
Precision: 0.8674698795180723
Recall: 1.0
