Training Time: 32.18184
Testing Time: 0.20457299
Accuracy: 0.7219512195121951
Precision: 0.8765432098765432
Recall: 0.9861111111111112
