Training Time: 268.31012
Testing Time: 52.82986
Accuracy: 0.9756756756756757
Precision: 0.9624060150375939
Recall: 0.9696969696969697
