Training Time: 13028.343
Testing Time: 34.565716
Accuracy: 0.9648648648648649
Precision: 0.9407407407407408
Recall: 0.9621212121212122
