Training Time: 168271.48
Testing Time: 28.41462
Accuracy: 0.9702702702702702
Precision: 0.9416058394160584
Recall: 0.9772727272727273
