Training Time: 1464.8743
Testing Time: 88.21211
Accuracy: 0.972972972972973
Precision: 0.9485294117647058
Recall: 0.9772727272727273
