Training Time: 0.8380633
Testing Time: 0.0726452
Accuracy: 0.5974025974025974
Precision: 0.47058823529411764
Recall: 0.27586206896551724
