Training Time: 183.10664
Testing Time: 2.8546753
Accuracy: 0.6038961038961039
Precision: 0.5384615384615384
Recall: 0.2413793103448276
