Training Time: 38.04584
Testing Time: 3.1029978
Accuracy: 0.5194805194805194
Precision: 0.36363636363636365
Recall: 0.27586206896551724
