Training Time: 0.1486401
Testing Time: 0.0479526
Accuracy: 0.59375
Precision: 0.5
Recall: 0.34615384615384615
