Training Time: 10.545755
Testing Time: 0.1701401
Accuracy: 0.578125
Precision: 0.42857142857142855
Recall: 0.11538461538461539
