Training Time: 1.546722
Testing Time: 0.1010884
Accuracy: 0.8419243986254296
Precision: 0.896551724137931
Recall: 0.5652173913043478
