Training Time: 111.00725
Testing Time: 14.459266
Accuracy: 0.8487972508591065
Precision: 0.9285714285714286
Recall: 0.5652173913043478
