Training Time: 0.81341654
Testing Time: 0.0425947
Accuracy: 0.95
Precision: 1.0
Recall: 0.9
