Training Time: 0.0681188
Testing Time: 0.0380563
Accuracy: 0.9
Precision: 0.9
Recall: 0.9
