Training Time: 22.030046
Testing Time: 0.07972489
Accuracy: 0.95
Precision: 1.0
Recall: 0.9
