Training Time: 801.57214
Testing Time: 3.3451252
Accuracy: 0.8615384615384616
Precision: 0.59375
Recall: 0.7916666666666666
