Training Time: 8.809039
Testing Time: 2.7964482
Accuracy: 0.9692307692307692
Precision: 0.8846153846153846
Recall: 0.9583333333333334
