Training Time: 0.7550048
Testing Time: 0.5444185
Accuracy: 0.8856209150326797
Precision: 0.9876543209876543
Recall: 0.9195402298850575
