Training Time: 21.242384
Testing Time: 1.2296879
Accuracy: 0.8398692810457516
Precision: 0.975609756097561
Recall: 0.9195402298850575
