Training Time: 90.910545
Testing Time: 10.292095
Accuracy: 0.9411764705882353
Precision: 0.9885057471264368
Recall: 0.9885057471264368
