Training Time: 3319.2856
Testing Time: 28.390352
Accuracy: 0.8986928104575164
Precision: 0.9767441860465116
Recall: 0.9655172413793104
