Training Time: 1.2180821
Testing Time: 0.9551257
Accuracy: 0.8986928104575164
Precision: 0.9761904761904762
Recall: 0.9425287356321839
