Training Time: 0.0780274
Testing Time: 0.0578436
Accuracy: 0.8333333333333334
Precision: 0.7634408602150538
Recall: 0.9594594594594594
