Training Time: 158.39038
Testing Time: 0.19975379
Accuracy: 0.9533333333333334
Precision: 0.958904109589041
Recall: 0.9459459459459459
