Training Time: 2.9693594
Testing Time: 2.0244467
Accuracy: 0.9866666666666667
Precision: 0.9736842105263158
Recall: 1.0
