Training Time: 1.9037615
Testing Time: 1.3542832
Accuracy: 0.9933333333333333
Precision: 0.9866666666666667
Recall: 1.0
