Training Time: 0.0668878
Testing Time: 0.0772778
Accuracy: 0.9133333333333333
Precision: 0.8588235294117647
Recall: 0.9864864864864865
