Training Time: 45.65417
Testing Time: 0.74799484
Accuracy: 1.0
Precision: 1.0
Recall: 1.0
