Training Time: 209.91658
Testing Time: 3.5257866
Accuracy: 0.9933333333333333
Precision: 0.9866666666666667
Recall: 1.0
