Training Time: 1.1303756
Testing Time: 0.7911908
Accuracy: 0.9891304347826086
Precision: 0.9686520376175548
Recall: 0.9293233082706767
