Training Time: 526.871
Testing Time: 15.616095
Accuracy: 0.9931862426995457
Precision: 0.9712556732223904
Recall: 0.9654135338345865
