Training Time: 98.347626
Testing Time: 128.28864
Accuracy: 0.9961064243997404
Precision: 0.9848714069591528
Recall: 0.9789473684210527
