Training Time: 1.9350953
Testing Time: 0.57366705
Accuracy: 0.7037037037037037
Precision: 0.7391304347826086
Recall: 0.6296296296296297
