Training Time: 0.0946904
Testing Time: 0.030327
Accuracy: 0.4074074074074074
Precision: 0.3684210526315789
Recall: 0.25925925925925924
