Training Time: 54.686317
Testing Time: 0.4214767
Accuracy: 0.6851851851851852
Precision: 0.6923076923076923
Recall: 0.6666666666666666
