Training Time: 420.9114
Testing Time: 1.9713826
Accuracy: 0.5370370370370371
Precision: 0.5416666666666666
Recall: 0.48148148148148145
