Training Time: 6.7541213
Testing Time: 0.9053031
Accuracy: 0.7222222222222222
Precision: 0.7727272727272727
Recall: 0.6296296296296297
