Training Time: 1.3284788
Testing Time: 0.0874363
Accuracy: 0.8178694158075601
Precision: 0.8679245283018868
Recall: 0.5
