Training Time: 281.78833
Testing Time: 1.6008561
Accuracy: 0.8109965635738832
Precision: 0.7936507936507936
Recall: 0.5434782608695652
