Training Time: 11.503025
Testing Time: 0.75790006
Accuracy: 0.7835051546391752
Precision: 0.6933333333333334
Recall: 0.5652173913043478
