Training Time: 0.6750336
Testing Time: 0.0225497
Accuracy: 0.6690647482014388
Precision: 0.7962962962962963
Recall: 0.6615384615384615
