Training Time: 24.578798
Testing Time: 0.5189009
Accuracy: 0.6546762589928058
Precision: 0.7454545454545455
Recall: 0.6307692307692307
