Training Time: 100.28877
Testing Time: 0.0373049
Accuracy: 0.6546762589928058
Precision: 0.7301587301587301
Recall: 0.7076923076923077
