Training Time: 88682.44
Testing Time: 29.94501
Accuracy: 0.6762589928057554
Precision: 0.7884615384615384
Recall: 0.6307692307692307
