Training Time: 4.225756
Testing Time: 0.24017191
Accuracy: 0.6258992805755396
Precision: 0.7368421052631579
Recall: 0.6461538461538462
