Training Time: 8.384912
Testing Time: 0.28550428
Accuracy: 0.4935064935064935
Precision: 0.9534883720930233
Recall: 0.9761904761904762
