Training Time: 114.0332
Testing Time: 1.7579441
Accuracy: 0.512987012987013
Precision: 0.9545454545454546
Recall: 1.0
