Training Time: 132419.77
Testing Time: 2.7877197
Accuracy: 0.5584415584415584
Precision: 0.9545454545454546
Recall: 1.0
