Training Time: 24.925749
Testing Time: 0.5384077
Accuracy: 0.5
Precision: 0.9512195121951219
Recall: 0.9285714285714286
