Training Time: 2.1073058
Testing Time: 0.5888856
Accuracy: 0.9619047619047619
Precision: 1.0
Recall: 1.0
