Training Time: 30504.074
Testing Time: 12.336525
Accuracy: 0.9523809523809523
Precision: 1.0
Recall: 1.0
