Training Time: 108.03783
Testing Time: 1.1793422
Accuracy: 1.0
Precision: 1.0
Recall: 1.0
