Training Time: 16.827415
Testing Time: 2.823955
Accuracy: 1.0
Precision: 1.0
Recall: 1.0
