Training Time: 2.5445924
Testing Time: 0.44780838
Accuracy: 0.9642857142857143
Precision: 1.0
Recall: 0.9230769230769231
