Training Time: 0.0677236
Testing Time: 0.0338349
Accuracy: 1.0
Precision: 1.0
Recall: 1.0
