Training Time: 0.7161705
Testing Time: 0.0453214
Accuracy: 0.7482014388489209
Precision: 0.9130434782608695
Recall: 0.6461538461538462
