Training Time: 68.53037
Testing Time: 0.9773288
Accuracy: 0.6762589928057554
Precision: 0.7962962962962963
Recall: 0.6615384615384615
