Training Time: 329.81497
Testing Time: 1.3592154
Accuracy: 0.7410071942446043
Precision: 0.8113207547169812
Recall: 0.6615384615384615
