Training Time: 88873.75
Testing Time: 11.192615
Accuracy: 0.7338129496402878
Precision: 0.84
Recall: 0.6461538461538462
