Training Time: 2826.9866
Testing Time: 23.950241
Accuracy: 0.972972972972973
Precision: 0.9485294117647058
Recall: 0.9772727272727273
