Training Time: 170171.72
Testing Time: 31.471245
Accuracy: 0.9702702702702702
Precision: 0.9416058394160584
Recall: 0.9772727272727273
