Training Time: 1317.9047
Testing Time: 83.19925
Accuracy: 0.972972972972973
Precision: 0.9485294117647058
Recall: 0.9772727272727273
