Training Time: 0.82543373
Testing Time: 0.1966492
Accuracy: 0.7662337662337663
Precision: 0.7777777777777778
Recall: 0.6363636363636364
