Training Time: 138.20177
Testing Time: 1.1464914
Accuracy: 0.6753246753246753
Precision: 0.6052631578947368
Recall: 0.696969696969697
