Training Time: 1160.0955
Testing Time: 2.2819686
Accuracy: 0.6753246753246753
Precision: 0.6
Recall: 0.7272727272727273
