Training Time: 1.4288044
Testing Time: 0.39454842
Accuracy: 1.0
Precision: 1.0
Recall: 1.0
