Training Time: 0.0371727
Testing Time: 0.016212702
Accuracy: 1.0
Precision: 1.0
Recall: 1.0
