Training Time: 39.384933
Testing Time: 0.1544292
Accuracy: 1.0
Precision: 1.0
Recall: 1.0
