Training Time: 3.1413405
Testing Time: 0.4660186
Accuracy: 1.0
Precision: 1.0
Recall: 1.0
