Training Time: 572.78064
Testing Time: 32.84603
Accuracy: 0.7482014388489209
Precision: 0.0
Recall: 0.0
