Training Time: 1.1045328
Testing Time: 0.1574215
Accuracy: 0.7266187050359713
Precision: 0.2
Recall: 0.02857142857142857
