Training Time: 5288.4785
Testing Time: 5.553901
Accuracy: 0.7482014388489209
Precision: 0.0
Recall: 0.0
