Training Time: 40006.832
Testing Time: 159.00906
Accuracy: 0.7410071942446043
Precision: 0.0
Recall: 0.0
