Training Time: 1721.4725
Testing Time: 69.09621
Accuracy: 0.7482014388489209
Precision: 0.0
Recall: 0.0
