Training Time: 0.1977572
Testing Time: 0.0956223
Accuracy: 0.546875
Precision: 0.4
Recall: 0.23076923076923078
