Training Time: 153.38615
Testing Time: 0.7368229
Accuracy: 0.640625
Precision: 0.56
Recall: 0.5384615384615384
