Training Time: 1211.5513
Testing Time: 1.1848121
Accuracy: 0.5625
Precision: 0.4375
Recall: 0.2692307692307692
