Training Time: 81.81867
Testing Time: 0.0803084
Accuracy: 0.59375
Precision: 0.5
Recall: 0.34615384615384615
