Training Time: 88.0061
Testing Time: 6.0610375
Accuracy: 0.7482014388489209
Precision: 0.0
Recall: 0.0
