Training Time: 75437.09
Testing Time: 0.76637673
Accuracy: 0.7482014388489209
Precision: 0.0
Recall: 0.0
