Training Time: 206.69415
Testing Time: 14.444971
Accuracy: 0.7482014388489209
Precision: 0.0
Recall: 0.0
