Training Time: 1.1298544
Testing Time: 0.1007465
Accuracy: 0.9243243243243243
Precision: 0.8823529411764706
Recall: 0.9090909090909091
