Training Time: 438.60727
Testing Time: 8.558663
Accuracy: 0.9540540540540541
Precision: 0.9136690647482014
Recall: 0.9621212121212122
