Training Time: 1.9977933
Testing Time: 0.0836627
Accuracy: 0.546875
Precision: 0.36363636363636365
Recall: 0.15384615384615385
