Training Time: 43.66466
Testing Time: 0.3086669
Accuracy: 0.546875
Precision: 0.0
Recall: 0.0
