Training Time: 8.72247
Testing Time: 1.0882086
Accuracy: 0.5714285714285714
Precision: 1.0
Recall: 0.5
