Training Time: 0.55649614
Testing Time: 0.0229759
Accuracy: 0.7272727272727273
Precision: 0.8
Recall: 0.5
