Training Time: 135.29674
Testing Time: 0.7808098
Accuracy: 0.5714285714285714
Precision: 1.0
Recall: 0.5
