Training Time: 0.13825631
Testing Time: 0.0447567
Accuracy: 0.7166666666666667
Precision: 0.6666666666666666
Recall: 0.7
