Training Time: 106.83064
Testing Time: 0.4371448
Accuracy: 0.65
Precision: 0.5142857142857142
Recall: 0.9
