Training Time: 11.551953
Testing Time: 0.3208466
Accuracy: 0.7833333333333333
Precision: 0.7083333333333334
Recall: 0.85
