Training Time: 21.142416
Testing Time: 2.6818533
Accuracy: 0.551948051948052
Precision: 0.4117647058823529
Recall: 0.2413793103448276
