Training Time: 0.7195527
Testing Time: 0.06932689
Accuracy: 0.6233766233766234
Precision: 0.5294117647058824
Recall: 0.3103448275862069
