Training Time: 1142.0558
Testing Time: 2.617658
Accuracy: 0.5454545454545454
Precision: 0.4375
Recall: 0.2413793103448276
