Training Time: 61.40277
Testing Time: 5.6456504
Accuracy: 0.5584415584415584
Precision: 0.4375
Recall: 0.2413793103448276
