Training Time: 0.0500668
Testing Time: 0.0319188
Accuracy: 0.6039933444259568
Precision: 0.5223214285714286
Recall: 0.9069767441860465
