Training Time: 0.0256725
Testing Time: 0.17105621
Accuracy: 0.8386023294509152
Precision: 0.7360703812316716
Recall: 0.9728682170542635
