Training Time: 10.825415
Testing Time: 1.6370507
Accuracy: 0.8053244592346089
Precision: 0.6890080428954424
Recall: 0.9961240310077519
