Training Time: 4833.8306
Testing Time: 1.3346597
Accuracy: 0.7886855241264559
Precision: 0.6719160104986877
Recall: 0.9922480620155039
