Training Time: 0.0936071
Testing Time: 0.0404113
Accuracy: 0.6988352745424293
Precision: 0.5989717223650386
Recall: 0.9031007751937985
