Training Time: 0.0451945
Testing Time: 0.0221531
Accuracy: 1.0
Precision: 1.0
Recall: 1.0
