Training Time: 235.87863
Testing Time: 0.11298569
Accuracy: 1.0
Precision: 1.0
Recall: 1.0
