Training Time: 5.430601
Testing Time: 0.5668144
Accuracy: 1.0
Precision: 1.0
Recall: 1.0
