Training Time: 5.7682776
Testing Time: 0.9291817
Accuracy: 0.8585365853658536
Precision: 0.93
Recall: 0.93
