Training Time: 0.7923218
Testing Time: 0.0502805
Accuracy: 0.8390243902439024
Precision: 0.9207920792079208
Recall: 0.93
