Training Time: 75.29027
Testing Time: 1.8763562
Accuracy: 0.8585365853658536
Precision: 0.9207920792079208
Recall: 0.93
