Training Time: 392.16116
Testing Time: 2.0068054
Accuracy: 0.8439024390243902
Precision: 0.93
Recall: 0.93
