Training Time: 419.47928
Testing Time: 9.747511
Accuracy: 0.8051948051948052
Precision: 0.75
Recall: 0.8181818181818182
