Training Time: 1173.204
Testing Time: 20.125143
Accuracy: 0.8311688311688312
Precision: 0.7631578947368421
Recall: 0.8787878787878788
