Training Time: 12.89794
Testing Time: 1.4142396
Accuracy: 0.7122302158273381
Precision: 0.7818181818181819
Recall: 0.6615384615384615
