Training Time: 0.75878364
Testing Time: 0.0376063
Accuracy: 0.7122302158273381
Precision: 0.8571428571428571
Recall: 0.6461538461538462
