Training Time: 162.78192
Testing Time: 1.7763939
Accuracy: 0.7122302158273381
Precision: 0.803921568627451
Recall: 0.6307692307692307
