Training Time: 844.3022
Testing Time: 3.2841086
Accuracy: 0.7050359712230215
Precision: 0.7962962962962963
Recall: 0.6615384615384615
