Training Time: 88447.66
Testing Time: 9.054428
Accuracy: 0.7266187050359713
Precision: 0.8269230769230769
Recall: 0.6615384615384615
