Training Time: 2430.6816
Testing Time: 12.079488
Accuracy: 0.7972508591065293
Precision: 0.8235294117647058
Recall: 0.672
