Training Time: 206.31259
Testing Time: 2.0921571
Accuracy: 0.7410071942446043
Precision: 0.86
Recall: 0.6615384615384615
