Training Time: 1042.5808
Testing Time: 0.4054075
Accuracy: 0.7410071942446043
Precision: 0.8
Recall: 0.7384615384615385
