Training Time: 88667.85
Testing Time: 0.8265568
Accuracy: 0.7338129496402878
Precision: 0.926829268292683
Recall: 0.5846153846153846
