Training Time: 56.052
Testing Time: 1.4256548
Accuracy: 0.7951219512195122
Precision: 0.8780487804878049
Recall: 1.0
