Training Time: 121191.086
Testing Time: 1.2946422
Accuracy: 0.8
Precision: 0.8780487804878049
Recall: 1.0
