Training Time: 829.77563
Testing Time: 62.763313
Accuracy: 0.7658536585365854
Precision: 0.8780487804878049
Recall: 1.0
