Training Time: 209.1866
Testing Time: 0.0565839
Accuracy: 0.7902439024390244
Precision: 0.8780487804878049
Recall: 1.0
