Training Time: 110.49186
Testing Time: 256.50803
Accuracy: 0.9382222222222222
Precision: 0.7857142857142857
Recall: 0.25142857142857145
