Training Time: 1.0812453
Testing Time: 1.9764048
Accuracy: 0.9304444444444444
Precision: 0.7719298245614035
Recall: 0.25142857142857145
