Training Time: 1.3345044
Testing Time: 0.09084889
Accuracy: 0.7681159420289855
Precision: 0.7628865979381443
Recall: 0.6434782608695652
