Training Time: 143.611
Testing Time: 3.6590905
Accuracy: 0.7355072463768116
Precision: 0.8181818181818182
Recall: 0.46956521739130436
