Training Time: 900.0845
Testing Time: 4.122266
Accuracy: 0.7608695652173914
Precision: 0.7692307692307693
Recall: 0.6086956521739131
