Training Time: 31.685427
Testing Time: 3.4838965
Accuracy: 0.7391304347826086
Precision: 0.8208955223880597
Recall: 0.4782608695652174
