Training Time: 0.0332118
Testing Time: 0.0092205
Accuracy: 0.64891846921797
Precision: 0.5574572127139364
Recall: 0.8837209302325582
