Training Time: 0.0204642
Testing Time: 0.0720404
Accuracy: 0.7554076539101497
Precision: 0.6370370370370371
Recall: 1.0
