Training Time: 0.8918393
Testing Time: 0.47535878
Accuracy: 0.4292845257903494
Precision: 0.4292845257903494
Recall: 1.0
