Training Time: 5028.097
Testing Time: 128.35513
Accuracy: 0.6688851913477537
Precision: 0.5700712589073634
Recall: 0.9302325581395349
