Training Time: 0.0316226
Testing Time: 0.19789809
Accuracy: 0.9444444444444444
Precision: 0.9662921348314607
Recall: 0.9885057471264368
