Training Time: 100.87613
Testing Time: 1.3648697
Accuracy: 0.954248366013072
Precision: 0.9666666666666667
Recall: 1.0
