Training Time: 0.5444624
Testing Time: 0.0116867
Accuracy: 0.6666666666666666
Precision: 0.4657534246575342
Recall: 0.3695652173913043
