Training Time: 1.5621762
Testing Time: 0.1161593
Accuracy: 0.7525773195876289
Precision: 0.6724137931034483
Recall: 0.42391304347826086
