Training Time: 7.515945
Testing Time: 0.2051861
Accuracy: 0.711340206185567
Precision: 0.58
Recall: 0.31521739130434784
