Training Time: 42.89231
Testing Time: 0.1118806
Accuracy: 0.7147766323024055
Precision: 0.5692307692307692
Recall: 0.40217391304347827
