Training Time: 0.0267215
Testing Time: 0.0390173
Accuracy: 0.6089850249584027
Precision: 0.5250544662309368
Recall: 0.9341085271317829
