Training Time: 0.0239737
Testing Time: 0.0620834
Accuracy: 0.5823627287853578
Precision: 0.5077951002227171
Recall: 0.8837209302325582
