Training Time: 0.79379857
Testing Time: 0.4482518
Accuracy: 0.5008319467554077
Precision: 0.4620938628158845
Recall: 0.9922480620155039
