Training Time: 3.7194338
Testing Time: 0.0486395
Accuracy: 0.7470881863560732
Precision: 0.6387434554973822
Recall: 0.9457364341085271
