Training Time: 0.0437849
Testing Time: 0.0382337
Accuracy: 0.6772046589018302
Precision: 0.5754716981132075
Recall: 0.9457364341085271
