Training Time: 0.016221602
Testing Time: 0.0615743
Accuracy: 0.6921797004991681
Precision: 0.5910224438902744
Recall: 0.9186046511627907
