Training Time: 118659.36
Testing Time: 41.515205
Accuracy: 0.8634146341463415
Precision: 0.9393939393939394
Recall: 0.93
