Training Time: 11.780295
Testing Time: 1.9310873
Accuracy: 0.8487972508591065
Precision: 0.8333333333333334
Recall: 0.6521739130434783
