Training Time: 32.462563
Testing Time: 4.1404243
Accuracy: 0.8487972508591065
Precision: 0.8333333333333334
Recall: 0.6521739130434783
