Training Time: 4.637476
Testing Time: 0.9290352
Accuracy: 0.9166666666666666
Precision: 0.9090909090909091
Recall: 1.0
