Training Time: 94.358574
Testing Time: 0.3820817
Accuracy: 0.9333333333333333
Precision: 0.9090909090909091
Recall: 1.0
