Training Time: 2.3799922
Testing Time: 0.37564358
Accuracy: 0.9333333333333333
Precision: 0.9090909090909091
Recall: 1.0
