Training Time: 0.050141
Testing Time: 0.0212852
Accuracy: 0.7
Precision: 0.75
Recall: 0.6
