Training Time: 3.7836301
Testing Time: 0.0947181
Accuracy: 0.8
Precision: 1.0
Recall: 0.6
