Training Time: 1.889991
Testing Time: 0.4921668
Accuracy: 0.5555555555555556
Precision: 0.56
Recall: 0.5185185185185185
