Training Time: 54.369377
Testing Time: 0.3816345
Accuracy: 0.5
Precision: 0.5
Recall: 0.48148148148148145
