Training Time: 0.7110266
Testing Time: 0.061084
Accuracy: 0.8146341463414634
Precision: 0.9207920792079208
Recall: 0.93
