Training Time: 56.352936
Testing Time: 1.3878269
Accuracy: 0.8439024390243902
Precision: 0.9393939393939394
Recall: 0.93
