Training Time: 247.8495
Testing Time: 0.7089579
Accuracy: 0.8390243902439024
Precision: 0.9117647058823529
Recall: 0.93
