Training Time: 13.007798
Testing Time: 1.1310159
Accuracy: 0.8390243902439024
Precision: 0.9207920792079208
Recall: 0.93
