Training Time: 2.8414497
Testing Time: 0.049871
Accuracy: 0.8341463414634146
Precision: 0.9306930693069307
Recall: 0.94
