Training Time: 0.2693822
Testing Time: 0.0155895
Accuracy: 0.538961038961039
Precision: 0.42105263157894735
Recall: 0.27586206896551724
