Training Time: 22.548409
Testing Time: 0.0093702
Accuracy: 0.4805194805194805
Precision: 0.2903225806451613
Recall: 0.3103448275862069
