Training Time: 0.3811295
Testing Time: 0.062396
Accuracy: 1.0
Precision: 1.0
Recall: 1.0
