Training Time: 0.7733666
Testing Time: 0.0826798
Accuracy: 1.0
Precision: 1.0
Recall: 1.0
