Training Time: 3088.5637
Testing Time: 4.6947947
Accuracy: 0.7482014388489209
Precision: 0.0
Recall: 0.0
