Training Time: 23584.65
Testing Time: 48.33429
Accuracy: 0.7338129496402878
Precision: 0.0
Recall: 0.0
