Training Time: 122838.555
Testing Time: 2.0091221
Accuracy: 0.7482014388489209
Precision: 0.0
Recall: 0.0
