Training Time: 904.369
Testing Time: 47.006065
Accuracy: 0.7482014388489209
Precision: 0.0
Recall: 0.0
