Training Time: 8.778932
Testing Time: 0.69769543
Accuracy: 0.8666666666666667
Precision: 0.9166666666666666
Recall: 0.9166666666666666
