Training Time: 264.34573
Testing Time: 0.3251265
Accuracy: 0.8666666666666667
Precision: 0.9166666666666666
Recall: 0.9166666666666666
