Training Time: 1405.5642
Testing Time: 13.253613
Accuracy: 0.8666666666666667
Precision: 0.8461538461538461
Recall: 0.9166666666666666
