Training Time: 11375.484
Testing Time: 1.0034276
Accuracy: 0.8666666666666667
Precision: 0.7857142857142857
Recall: 0.9166666666666666
