Training Time: 21.614107
Testing Time: 1.17173
Accuracy: 0.8666666666666667
Precision: 0.9166666666666666
Recall: 0.9166666666666666
