Training Time: 0.26159272
Testing Time: 0.0213214
Accuracy: 0.5609756097560976
Precision: 0.8732394366197183
Recall: 0.8611111111111112
