Training Time: 0.77264494
Testing Time: 0.0255373
Accuracy: 0.7463414634146341
Precision: 0.8780487804878049
Recall: 1.0
