Training Time: 4.0581794
Testing Time: 0.1248168
Accuracy: 0.7365853658536585
Precision: 0.8780487804878049
Recall: 1.0
