Training Time: 8.9761915
Testing Time: 0.1142893
Accuracy: 0.5625
Precision: 0.4375
Recall: 0.2692307692307692
