Training Time: 1531.073
Testing Time: 1.2103872
Accuracy: 0.5625
Precision: 0.45
Recall: 0.34615384615384615
