Training Time: 2.1301234
Testing Time: 0.37026522
Accuracy: 0.826955074875208
Precision: 0.7212643678160919
Recall: 0.9728682170542635
