Training Time: 0.068923
Testing Time: 0.058488
Accuracy: 0.9133333333333333
Precision: 0.8588235294117647
Recall: 0.9864864864864865
