Training Time: 102.627625
Testing Time: 0.3163507
Accuracy: 0.9666666666666667
Precision: 0.96
Recall: 0.972972972972973
