Training Time: 1.0873727
Testing Time: 0.0891079
Accuracy: 0.7846153846153846
Precision: 0.4444444444444444
Recall: 0.6666666666666666
