Training Time: 0.0509375
Testing Time: 0.0396255
Accuracy: 0.7153846153846154
Precision: 0.37254901960784315
Recall: 0.7916666666666666
