Training Time: 170.66257
Testing Time: 0.31375492
Accuracy: 0.7307692307692307
Precision: 0.37777777777777777
Recall: 0.7083333333333334
