Training Time: 2.0618272
Testing Time: 0.1369015
Accuracy: 0.7923076923076923
Precision: 0.45454545454545453
Recall: 0.625
