Training Time: 169.85863
Testing Time: 10.8978615
Accuracy: 0.6076923076923076
Precision: 0.29850746268656714
Recall: 0.8333333333333334
