Training Time: 0.97579306
Testing Time: 0.157972
Accuracy: 0.7553956834532374
Precision: 0.6666666666666666
Recall: 0.05714285714285714
