Training Time: 2192.2368
Testing Time: 4.0356765
Accuracy: 0.7482014388489209
Precision: 0.0
Recall: 0.0
