Training Time: 12.331529
Testing Time: 24.576214
Accuracy: 0.9277777777777778
Precision: 0.8857142857142857
Recall: 0.17714285714285713
