Training Time: 0.94209796
Testing Time: 0.98009384
Accuracy: 0.9186666666666666
Precision: 0.6
Recall: 0.06857142857142857
