Training Time: 130.28366
Testing Time: 46.686974
Accuracy: 0.9291111111111111
Precision: 0.8888888888888888
Recall: 0.22857142857142856
