Training Time: 0.0503453
Testing Time: 0.0070116
Accuracy: 0.9285714285714286
Precision: 1.0
Recall: 0.8461538461538461
