Training Time: 0.0509019
Testing Time: 0.0126761
Accuracy: 0.8928571428571429
Precision: 1.0
Recall: 0.7692307692307693
