Training Time: 5671.444
Testing Time: 0.0413562
Accuracy: 0.9642857142857143
Precision: 1.0
Recall: 0.9230769230769231
