Training Time: 0.0952612
Testing Time: 0.0075739
Accuracy: 0.8928571428571429
Precision: 1.0
Recall: 0.7692307692307693
