Training Time: 1.6098402
Testing Time: 0.0219615
Accuracy: 0.8
Precision: 1.0
Recall: 0.6
