Training Time: 56.074955
Testing Time: 0.098771
Accuracy: 0.65
Precision: 0.7142857142857143
Recall: 0.5
