Training Time: 259.9789
Testing Time: 1.1943878
Accuracy: 0.75
Precision: 0.6666666666666666
Recall: 1.0
