Training Time: 4204.7876
Testing Time: 1.6154909
Accuracy: 0.8
Precision: 0.7142857142857143
Recall: 1.0
