Training Time: 2.5823157
Testing Time: 0.0257468
Accuracy: 0.75
Precision: 0.7777777777777778
Recall: 0.7
