Training Time: 26.582975
Testing Time: 0.3712529
Accuracy: 0.765625
Precision: 0.7391304347826086
Recall: 0.6538461538461539
