Training Time: 0.1686725
Testing Time: 0.0625177
Accuracy: 0.46875
Precision: 0.21428571428571427
Recall: 0.11538461538461539
