Training Time: 4678.2812
Testing Time: 4.2329817
Accuracy: 0.546875
Precision: 0.4117647058823529
Recall: 0.2692307692307692
