Training Time: 0.6596142
Testing Time: 0.0337748
Accuracy: 0.6762589928057554
Precision: 0.7924528301886793
Recall: 0.6461538461538462
