Training Time: 18.02455
Testing Time: 1.8141508
Accuracy: 0.7050359712230215
Precision: 0.7894736842105263
Recall: 0.6923076923076923
