Training Time: 11.645224
Testing Time: 2.9787464
Accuracy: 0.9
Precision: 0.8333333333333334
Recall: 1.0
