Training Time: 0.1051368
Testing Time: 0.0500412
Accuracy: 0.8333333333333334
Precision: 0.6923076923076923
Recall: 0.9
