Training Time: 0.0569284
Testing Time: 0.0836808
Accuracy: 0.7923076923076923
Precision: 0.4482758620689655
Recall: 0.5416666666666666
