Training Time: 5.7720695
Testing Time: 0.76456213
Accuracy: 0.9153846153846154
Precision: 0.7096774193548387
Recall: 0.9166666666666666
