Training Time: 0.0680038
Testing Time: 0.050895
Accuracy: 0.94
Precision: 0.9113924050632911
Recall: 0.972972972972973
