Training Time: 21.572277
Testing Time: 0.7197979
Accuracy: 1.0
Precision: 1.0
Recall: 1.0
