Training Time: 12555.741
Testing Time: 0.595713
Accuracy: 0.9933333333333333
Precision: 0.9866666666666667
Recall: 1.0
