Training Time: 2.0305684
Testing Time: 0.9283219
Accuracy: 1.0
Precision: 1.0
Recall: 1.0
