Training Time: 4.761108
Testing Time: 0.0563907
Accuracy: 1.0
Precision: 1.0
Recall: 1.0
