Training Time: 0.35038328
Testing Time: 0.0406938
Accuracy: 0.9285714285714286
Precision: 1.0
Recall: 0.8461538461538461
