Training Time: 5.847028
Testing Time: 0.88307714
Accuracy: 0.8585365853658536
Precision: 0.93
Recall: 0.93
