Training Time: 0.7846759
Testing Time: 0.0436365
Accuracy: 0.8390243902439024
Precision: 0.9207920792079208
Recall: 0.93
