Training Time: 75.68313
Testing Time: 1.8659558
Accuracy: 0.8585365853658536
Precision: 0.9207920792079208
Recall: 0.93
