Training Time: 392.49988
Testing Time: 2.1223285
Accuracy: 0.8439024390243902
Precision: 0.9215686274509803
Recall: 0.94
