Training Time: 14.436293
Testing Time: 2.1637056
Accuracy: 0.8536585365853658
Precision: 0.93
Recall: 0.93
