Training Time: 154.47993
Testing Time: 18.657194
Accuracy: 0.9324324324324325
Precision: 0.8590604026845637
Recall: 0.9696969696969697
