Training Time: 1.4541632
Testing Time: 0.1882078
Accuracy: 0.8567567567567568
Precision: 0.8015267175572519
Recall: 0.7954545454545454
