Training Time: 1510.1001
Testing Time: 18.932821
Accuracy: 0.927027027027027
Precision: 0.8620689655172413
Recall: 0.946969696969697
