Training Time: 6248.3223
Testing Time: 36.02449
Accuracy: 0.9108108108108108
Precision: 0.8367346938775511
Recall: 0.9318181818181818
