Training Time: 456.64447
Testing Time: 52.020256
Accuracy: 0.9243243243243243
Precision: 0.8466666666666667
Recall: 0.9621212121212122
