Training Time: 0.079413906
Testing Time: 0.0110587
Accuracy: 0.4777777777777778
Precision: 0.3888888888888889
Recall: 0.07777777777777778
