Training Time: 0.0393689
Testing Time: 0.08460289
Accuracy: 0.6777777777777778
Precision: 0.6142857142857143
Recall: 0.9555555555555556
