Training Time: 2.5158057
Testing Time: 0.2857936
Accuracy: 0.5444444444444444
Precision: 0.5253164556962026
Recall: 0.9222222222222223
