Training Time: 25.353598
Testing Time: 1.4653045
Accuracy: 0.7166666666666667
Precision: 0.7910447761194029
Recall: 0.5888888888888889
