Training Time: 0.120139696
Testing Time: 0.0452192
Accuracy: 0.5555555555555556
Precision: 0.5555555555555556
Recall: 0.5555555555555556
