Training Time: 134.97746
Testing Time: 0.6872165
Accuracy: 0.6481481481481481
Precision: 0.6176470588235294
Recall: 0.7777777777777778
