Training Time: 1088.8737
Testing Time: 5.097047
Accuracy: 0.5925925925925926
Precision: 0.6
Recall: 0.5555555555555556
