Training Time: 15.1554165
Testing Time: 0.094477504
Accuracy: 0.6111111111111112
Precision: 0.6071428571428571
Recall: 0.6296296296296297
