Training Time: 0.7345203
Testing Time: 0.1124753
Accuracy: 0.5714285714285714
Precision: 0.8333333333333334
Recall: 0.625
