Training Time: 2897.399
Testing Time: 2.596415
Accuracy: 0.6103896103896104
Precision: 1.0
Recall: 0.625
