Training Time: 370.21045
Testing Time: 7.1198545
Accuracy: 0.5584415584415584
Precision: 1.0
Recall: 0.5
