Training Time: 0.79238933
Testing Time: 0.0310717
Accuracy: 0.8341463414634146
Precision: 0.93
Recall: 0.93
