Training Time: 0.0890278
Testing Time: 0.0342985
Accuracy: 0.5666666666666667
Precision: 0.5714285714285714
Recall: 0.6666666666666666
