Training Time: 9.201876
Testing Time: 0.0532651
Accuracy: 0.43333333333333335
Precision: 0.4666666666666667
Recall: 0.5833333333333334
