Training Time: 0.0651732
Testing Time: 0.0107728
Accuracy: 0.6296296296296297
Precision: 0.8181818181818182
Recall: 0.3333333333333333
