Training Time: 0.0846229
Testing Time: 0.0094392
Accuracy: 0.5925925925925926
Precision: 0.6
Recall: 0.5555555555555556
