Training Time: 2.191982
Testing Time: 0.0512939
Accuracy: 0.6666666666666666
Precision: 0.6666666666666666
Recall: 0.6666666666666666
