Training Time: 15.619034
Testing Time: 0.007047
Accuracy: 0.5185185185185185
Precision: 0.5294117647058824
Recall: 0.3333333333333333
