Training Time: 0.6536021
Testing Time: 0.0702265
Accuracy: 0.9285714285714286
Precision: 1.0
Recall: 0.8461538461538461
