Training Time: 0.0395788
Testing Time: 0.010641
Accuracy: 0.9285714285714286
Precision: 1.0
Recall: 0.8461538461538461
