Training Time: 46.90813
Testing Time: 0.0337302
Accuracy: 1.0
Precision: 1.0
Recall: 1.0
