Training Time: 1.3586907
Testing Time: 0.0932115
Accuracy: 0.9285714285714286
Precision: 1.0
Recall: 0.8461538461538461
