Training Time: 30.77797
Testing Time: 1.7183083
Accuracy: 0.9642857142857143
Precision: 1.0
Recall: 0.9230769230769231
