Training Time: 0.39287812
Testing Time: 0.0731914
Accuracy: 1.0
Precision: 1.0
Recall: 1.0
