Training Time: 1.4985471
Testing Time: 1.9414718
Accuracy: 0.9873458792991564
Precision: 0.9726247987117552
Recall: 0.9082706766917293
