Training Time: 2225.1023
Testing Time: 260.701
Accuracy: 0.994646333549643
Precision: 0.9891640866873065
Recall: 0.9609022556390977
