Training Time: 4012.8923
Testing Time: 116.04005
Accuracy: 0.9926995457495134
Precision: 0.9613095238095238
Recall: 0.9714285714285714
