Training Time: 0.0550672
Testing Time: 0.0224192
Accuracy: 0.9285714285714286
Precision: 0.9230769230769231
Recall: 0.9230769230769231
