Training Time: 1.6073302
Testing Time: 0.0305476
Accuracy: 1.0
Precision: 1.0
Recall: 1.0
