Training Time: 0.19978191
Testing Time: 0.0194954
Accuracy: 0.9619047619047619
Precision: 0.9
Recall: 0.9
