Training Time: 47.530003
Testing Time: 0.4774757
Accuracy: 0.9619047619047619
Precision: 1.0
Recall: 1.0
