Training Time: 30159.84
Testing Time: 9.974338
Accuracy: 0.8857142857142857
Precision: 1.0
Recall: 0.8
