Training Time: 0.8219205
Testing Time: 0.0891329
Accuracy: 0.8952380952380953
Precision: 1.0
Recall: 0.8
