Training Time: 0.104401
Testing Time: 0.0488245
Accuracy: 0.85
Precision: 0.8888888888888888
Recall: 0.8
