Training Time: 0.7390837
Testing Time: 0.0203719
Accuracy: 0.75
Precision: 1.0
Recall: 0.5
