Training Time: 2.1973755
Testing Time: 0.33740988
Accuracy: 0.9307692307692308
Precision: 0.8571428571428571
Recall: 0.75
