Training Time: 0.0627278
Testing Time: 0.0939842
Accuracy: 0.8153846153846154
Precision: 0.5
Recall: 0.7916666666666666
