Training Time: 387.0873
Testing Time: 1.7032938
Accuracy: 0.8076923076923077
Precision: 0.48484848484848486
Recall: 0.6666666666666666
