Training Time: 254.20871
Testing Time: 9.519352
Accuracy: 0.5584415584415584
Precision: 1.0
Recall: 0.5
