Training Time: 0.82482827
Testing Time: 0.120100096
Accuracy: 0.6233766233766234
Precision: 0.6666666666666666
Recall: 0.5
