Training Time: 688.9682
Testing Time: 8.363125
Accuracy: 0.5714285714285714
Precision: 1.0
Recall: 0.5
