Training Time: 1411.8894
Testing Time: 3.588342
Accuracy: 0.7147766323024055
Precision: 0.7441860465116279
Recall: 0.512
