Training Time: 0.2196307
Testing Time: 0.0422006
Accuracy: 0.9
Precision: 0.8933333333333333
Recall: 0.9054054054054054
