Training Time: 5.0445566
Testing Time: 0.2684175
Accuracy: 0.9066666666666666
Precision: 0.9054054054054054
Recall: 0.9054054054054054
