Training Time: 28.552229
Testing Time: 0.1116048
Accuracy: 0.8533333333333334
Precision: 0.90625
Recall: 0.7837837837837838
