Training Time: 0.423769
Testing Time: 0.0714974
Accuracy: 0.9133333333333333
Precision: 0.8765432098765432
Recall: 0.9594594594594594
