Training Time: 0.0558236
Testing Time: 0.003895
Accuracy: 0.8214285714285714
Precision: 0.7857142857142857
Recall: 0.8461538461538461
