Training Time: 1.7888795
Testing Time: 0.0306169
Accuracy: 0.9642857142857143
Precision: 0.9285714285714286
Recall: 1.0
