Training Time: 0.1008934
Testing Time: 0.0069947
Accuracy: 0.8571428571428571
Precision: 0.8461538461538461
Recall: 0.8461538461538461
