Training Time: 6.4438505
Testing Time: 2.1100845
Accuracy: 0.9615384615384616
Precision: 0.88
Recall: 0.9166666666666666
