Training Time: 0.0918042
Testing Time: 0.1565804
Accuracy: 0.7846153846153846
Precision: 0.4523809523809524
Recall: 0.7916666666666666
