Training Time: 162.78552
Testing Time: 1.1860596
Accuracy: 0.9538461538461539
Precision: 0.8214285714285714
Recall: 0.9583333333333334
