Training Time: 12.997606
Testing Time: 1.7763603
Accuracy: 0.9615384615384616
Precision: 0.88
Recall: 0.9166666666666666
