Training Time: 503.05743
Testing Time: 1.2081267
Accuracy: 0.59375
Precision: 0.5
Recall: 0.038461538461538464
