Training Time: 50.55643
Testing Time: 0.7553181
Accuracy: 0.625
Precision: 0.5555555555555556
Recall: 0.38461538461538464
