Training Time: 0.91750294
Testing Time: 0.30450597
Accuracy: 0.66
Precision: 0.65625
Recall: 0.672
