Training Time: 4.499041
Testing Time: 0.68088585
Accuracy: 0.9297297297297298
Precision: 0.9015151515151515
Recall: 0.9015151515151515
