Training Time: 333.94385
Testing Time: 1.1755481
Accuracy: 0.9324324324324325
Precision: 0.8848920863309353
Recall: 0.9318181818181818
