Training Time: 478.97986
Testing Time: 2.5442889
Accuracy: 0.744
Precision: 0.7798165137614679
Recall: 0.68
