Training Time: 76789.11
Testing Time: 296.25397
Accuracy: 0.7142857142857143
Precision: 0.8333333333333334
Recall: 0.625
