Training Time: 1622.4037
Testing Time: 17.396503
Accuracy: 0.5844155844155844
Precision: 1.0
Recall: 0.5
