Training Time: 0.3246561
Testing Time: 0.0177402
Accuracy: 0.6546762589928058
Precision: 0.803921568627451
Recall: 0.6307692307692307
