Training Time: 27.427519
Testing Time: 0.0553854
Accuracy: 0.6402877697841727
Precision: 0.7419354838709677
Recall: 0.7076923076923077
