Training Time: 0.7378523
Testing Time: 0.0616914
Accuracy: 0.5714285714285714
Precision: 0.47368421052631576
Recall: 0.3103448275862069
