Training Time: 94.902145
Testing Time: 1.5015836
Accuracy: 0.6103896103896104
Precision: 0.5714285714285714
Recall: 0.27586206896551724
