Training Time: 424.26346
Testing Time: 1.7443851
Accuracy: 0.538961038961039
Precision: 0.4375
Recall: 0.4827586206896552
