Training Time: 114276.48
Testing Time: 1.6057894
Accuracy: 0.551948051948052
Precision: 0.4444444444444444
Recall: 0.27586206896551724
