Training Time: 20.168638
Testing Time: 1.7643447
Accuracy: 0.577922077922078
Precision: 0.43478260869565216
Recall: 0.3448275862068966
