Training Time: 2.8023677
Testing Time: 0.1267571
Accuracy: 0.5833333333333334
Precision: 0.7142857142857143
Recall: 0.2777777777777778
