Training Time: 0.0465812
Testing Time: 0.1970741
Accuracy: 0.7333333333333333
Precision: 0.75
Recall: 0.7
