Training Time: 788.52374
Testing Time: 4.3367777
Accuracy: 0.5333333333333333
Precision: 0.5283018867924528
Recall: 0.6222222222222222
