Training Time: 735.4376
Testing Time: 33.89166
Accuracy: 0.7482014388489209
Precision: 0.0
Recall: 0.0
