Training Time: 1.1099404
Testing Time: 0.224401
Accuracy: 0.7482014388489209
Precision: 0.0
Recall: 0.0
