Training Time: 47046.66
Testing Time: 182.93158
Accuracy: 0.7482014388489209
Precision: 0.0
Recall: 0.0
