Training Time: 1950.9548
Testing Time: 56.689484
Accuracy: 0.7482014388489209
Precision: 0.0
Recall: 0.0
