Training Time: 1.3535244
Testing Time: 0.081892096
Accuracy: 0.6992753623188406
Precision: 0.6702127659574468
Recall: 0.5478260869565217
