Training Time: 7.980419
Testing Time: 0.2148329
Accuracy: 0.6485507246376812
Precision: 0.6551724137931034
Recall: 0.33043478260869563
