Training Time: 47.824444
Testing Time: 0.2364232
Accuracy: 0.6920289855072463
Precision: 0.6666666666666666
Recall: 0.5217391304347826
