Training Time: 1.5763547
Testing Time: 2.3758707
Accuracy: 0.9961064243997404
Precision: 1.0
Recall: 0.9639097744360903
