Training Time: 2818.5327
Testing Time: 265.15555
Accuracy: 0.9935107073329007
Precision: 0.9905808477237049
Recall: 0.9488721804511279
