Training Time: 1386.323
Testing Time: 1851.8594
Accuracy: 0.9965931213497728
Precision: 0.9923547400611621
Recall: 0.9759398496240601
