Training Time: 1.0548753
Testing Time: 0.0368919
Accuracy: 0.5707317073170731
Precision: 0.8648648648648649
Recall: 0.8888888888888888
