Training Time: 17.715445
Testing Time: 0.38251218
Accuracy: 0.6536585365853659
Precision: 0.7422680412371134
Recall: 1.0
