Training Time: 101737.97
Testing Time: 1.3186435
Accuracy: 0.7560975609756098
Precision: 0.8674698795180723
Recall: 1.0
