Training Time: 2.4067001
Testing Time: 0.08274169
Accuracy: 0.5707317073170731
Precision: 0.881578947368421
Recall: 0.9305555555555556
