Training Time: 125.95438
Testing Time: 2.1732683
Accuracy: 1.0
Precision: 1.0
Recall: 1.0
