Training Time: 1182.182
Testing Time: 66.76152
Accuracy: 0.6333333333333333
Precision: 0.6463414634146342
Recall: 0.5888888888888889
