Training Time: 1.3830194
Testing Time: 0.22009191
Accuracy: 0.95
Precision: 1.0
Recall: 0.9
