Training Time: 0.047159
Testing Time: 0.0254813
Accuracy: 0.8
Precision: 0.8
Recall: 0.8
