Training Time: 37.913345
Testing Time: 0.1217346
Accuracy: 1.0
Precision: 1.0
Recall: 1.0
