Training Time: 2.353347
Testing Time: 0.2676949
Accuracy: 0.95
Precision: 1.0
Recall: 0.9
