Training Time: 16.99463
Testing Time: 0.0320381
Accuracy: 0.75
Precision: 0.6666666666666666
Recall: 1.0
