Training Time: 1.0355726
Testing Time: 0.1915308
Accuracy: 0.9
Precision: 0.8333333333333334
Recall: 1.0
