Training Time: 13.095922
Testing Time: 3.3932831
Accuracy: 0.972972972972973
Precision: 0.9552238805970149
Recall: 0.9696969696969697
