Training Time: 1.3328669
Testing Time: 0.1636115
Accuracy: 0.9108108108108108
Precision: 0.8461538461538461
Recall: 0.9166666666666666
