Training Time: 209.39093
Testing Time: 7.4652014
Accuracy: 0.972972972972973
Precision: 0.9485294117647058
Recall: 0.9772727272727273
