Training Time: 974.7936
Testing Time: 3.1327178
Accuracy: 0.9513513513513514
Precision: 0.9130434782608695
Recall: 0.9545454545454546
