Training Time: 144701.08
Testing Time: 132.56259
Accuracy: 0.972972972972973
Precision: 0.9485294117647058
Recall: 0.9772727272727273
