Training Time: 57.023605
Testing Time: 6.9228396
Accuracy: 0.972972972972973
Precision: 0.9552238805970149
Recall: 0.9696969696969697
