Training Time: 0.4138192
Testing Time: 0.2129813
Accuracy: 1.0
Precision: 1.0
Recall: 1.0
