Training Time: 0.8790785
Testing Time: 0.3468405
Accuracy: 1.0
Precision: 1.0
Recall: 1.0
