Training Time: 0.2169714
Testing Time: 0.09325191
Accuracy: 1.0
Precision: 1.0
Recall: 1.0
