Training Time: 1.3512781
Testing Time: 0.0607565
Accuracy: 0.7789855072463768
Precision: 0.7755102040816326
Recall: 0.6608695652173913
