Training Time: 122.424965
Testing Time: 2.969453
Accuracy: 0.7391304347826086
Precision: 0.7721518987341772
Recall: 0.5304347826086957
