Training Time: 145319.16
Testing Time: 21.551373
Accuracy: 0.782608695652174
Precision: 0.7777777777777778
Recall: 0.6695652173913044
