Training Time: 1.9837555
Testing Time: 0.0600212
Accuracy: 0.7898550724637681
Precision: 0.7878787878787878
Recall: 0.6782608695652174
