Training Time: 1.0544267
Testing Time: 0.0408839
Accuracy: 0.7902439024390244
Precision: 0.9354838709677419
Recall: 0.87
