Training Time: 17.742914
Testing Time: 0.3866411
Accuracy: 0.8097560975609757
Precision: 0.8245614035087719
Recall: 0.94
