Training Time: 112416.086
Testing Time: 1.319735
Accuracy: 0.8146341463414634
Precision: 0.93
Recall: 0.93
