Training Time: 11.1621475
Testing Time: 0.062841
Accuracy: 0.9
Precision: 1.0
Recall: 0.8
