Training Time: 0.72866845
Testing Time: 0.0140457
Accuracy: 0.75
Precision: 1.0
Recall: 0.5
