Training Time: 0.6944585
Testing Time: 0.0662184
Accuracy: 0.5945017182130584
Precision: 0.5555555555555556
Recall: 0.28
