Training Time: 4.3002515
Testing Time: 0.5329157
Accuracy: 0.7121951219512195
Precision: 0.8780487804878049
Recall: 1.0
