Training Time: 274.46265
Testing Time: 0.71536267
Accuracy: 0.775609756097561
Precision: 0.8780487804878049
Recall: 1.0
