Training Time: 1.4057052
Testing Time: 0.1772843
Accuracy: 0.8351351351351352
Precision: 0.7591240875912408
Recall: 0.7878787878787878
