Training Time: 947.62756
Testing Time: 14.809871
Accuracy: 0.9162162162162162
Precision: 0.8482758620689655
Recall: 0.9318181818181818
