Training Time: 3942.8538
Testing Time: 21.831152
Accuracy: 0.9297297297297298
Precision: 0.8840579710144928
Recall: 0.9242424242424242
