Training Time: 299.96844
Testing Time: 40.00728
Accuracy: 0.9162162162162162
Precision: 0.8435374149659864
Recall: 0.9393939393939394
