Training Time: 4014.2847
Testing Time: 175.01428
Accuracy: 0.9108108108108108
Precision: 0.8666666666666667
Recall: 0.8863636363636364
