Training Time: 2.4375086
Testing Time: 0.248363
Accuracy: 0.7846153846153846
Precision: 0.45
Recall: 0.75
