Training Time: 0.0516837
Testing Time: 0.0495773
Accuracy: 0.7076923076923077
Precision: 0.375
Recall: 0.875
