Training Time: 70.96639
Testing Time: 0.685774
Accuracy: 0.7846153846153846
Precision: 0.4523809523809524
Recall: 0.7916666666666666
