Training Time: 438.38644
Testing Time: 8.045602
Accuracy: 0.7846153846153846
Precision: 0.4473684210526316
Recall: 0.7083333333333334
