Training Time: 50.148228
Testing Time: 122.18261
Accuracy: 0.9395555555555556
Precision: 0.7857142857142857
Recall: 0.25142857142857145
