Training Time: 1.0938036
Testing Time: 1.9003812
Accuracy: 0.9295555555555556
Precision: 0.7
Recall: 0.16
