Training Time: 502.2279
Testing Time: 77.333244
Accuracy: 0.94
Precision: 0.7428571428571429
Recall: 0.29714285714285715
