Training Time: 157550.36
Testing Time: 425.65097
Accuracy: 0.9331111111111111
Precision: 0.8709677419354839
Recall: 0.15428571428571428
