Training Time: 130.75732
Testing Time: 352.36545
Accuracy: 0.9413333333333334
Precision: 0.7777777777777778
Recall: 0.28
