Training Time: 84.402245
Testing Time: 0.4728298
Accuracy: 0.7037037037037037
Precision: 0.7037037037037037
Recall: 0.7037037037037037
