Training Time: 656.99164
Testing Time: 5.8762245
Accuracy: 0.5740740740740741
Precision: 0.5714285714285714
Recall: 0.5925925925925926
