Training Time: 10.089722
Testing Time: 1.2501478
Accuracy: 0.6851851851851852
Precision: 0.7083333333333334
Recall: 0.6296296296296297
