Training Time: 0.0501347
Testing Time: 0.27252123
Accuracy: 0.9944444444444445
Precision: 0.989010989010989
Recall: 1.0
