Training Time: 2350.4827
Testing Time: 229.41583
Accuracy: 0.7333333333333333
Precision: 0.7441860465116279
Recall: 0.7111111111111111
