Training Time: 43.622753
Testing Time: 1.6506325
Accuracy: 0.45555555555555555
Precision: 0.4661016949152542
Recall: 0.6111111111111112
