Training Time: 8.697906
Testing Time: 17.943493
Accuracy: 1.0
Precision: 1.0
Recall: 1.0
