Training Time: 0.83599627
Testing Time: 0.5029233
Accuracy: 0.9073333333333333
Precision: 0.3333333333333333
Recall: 0.005714285714285714
