Training Time: 205.79836
Testing Time: 2.6660693
Accuracy: 0.5584415584415584
Precision: 0.9545454545454546
Recall: 1.0
