Training Time: 1182.3829
Testing Time: 2.3317616
Accuracy: 0.538961038961039
Precision: 0.9545454545454546
Recall: 1.0
