Training Time: 134730.95
Testing Time: 25.687994
Accuracy: 0.551948051948052
Precision: 0.9545454545454546
Recall: 1.0
