Training Time: 47.932198
Testing Time: 4.6502886
Accuracy: 0.5324675324675324
Precision: 0.9545454545454546
Recall: 1.0
