Training Time: 2989.1233
Testing Time: 1.7976494
Accuracy: 0.9567567567567568
Precision: 0.9142857142857143
Recall: 0.9696969696969697
