Training Time: 185055.4
Testing Time: 51.589935
Accuracy: 0.9567567567567568
Precision: 0.9264705882352942
Recall: 0.9545454545454546
