Training Time: 293.24283
Testing Time: 38.532444
Accuracy: 0.9621621621621622
Precision: 0.927536231884058
Recall: 0.9696969696969697
