Training Time: 4002.02
Testing Time: 171.1365
Accuracy: 0.9540540540540541
Precision: 0.9259259259259259
Recall: 0.946969696969697
