Training Time: 0.977109
Testing Time: 0.081936
Accuracy: 0.775609756097561
Precision: 0.8780487804878049
Recall: 1.0
