Training Time: 0.8394789
Testing Time: 0.071445696
Accuracy: 0.7951219512195122
Precision: 0.8921568627450981
Recall: 0.91
