Training Time: 0.0267319
Testing Time: 0.0995188
Accuracy: 0.7321131447587355
Precision: 0.6163069544364509
Recall: 0.9961240310077519
