Training Time: 0.89817816
Testing Time: 0.45994842
Accuracy: 0.4292845257903494
Precision: 0.4292845257903494
Recall: 1.0
