Training Time: 5.1572967
Testing Time: 0.0794531
Accuracy: 0.7271214642262895
Precision: 0.6151960784313726
Recall: 0.9728682170542635
