Training Time: 5.369686
Testing Time: 0.14724231
Accuracy: 0.7970049916805324
Precision: 0.6798941798941799
Recall: 0.9961240310077519
