Training Time: 0.0266633
Testing Time: 0.0755782
Accuracy: 0.6821963394342762
Precision: 0.5770114942528736
Recall: 0.9728682170542635
