Training Time: 0.79660374
Testing Time: 0.18683138
Accuracy: 0.7922077922077922
Precision: 0.7741935483870968
Recall: 0.7272727272727273
