Training Time: 8025.7173
Testing Time: 15.786817
Accuracy: 0.7142857142857143
Precision: 0.6486486486486487
Recall: 0.7272727272727273
