Training Time: 1.3859296
Testing Time: 2.0311513
Accuracy: 0.9936729396495781
Precision: 0.9921383647798742
Recall: 0.9488721804511279
