Training Time: 455.56708
Testing Time: 598.50836
Accuracy: 0.9884815055158988
Precision: 0.9966555183946488
Recall: 0.8962406015037594
