Training Time: 1.7340944
Testing Time: 2.8538344
Accuracy: 0.9875081116158339
Precision: 0.9666666666666667
Recall: 0.9157894736842105
