Training Time: 2254.1172
Testing Time: 192.81421
Accuracy: 0.9926995457495134
Precision: 0.9828660436137072
Recall: 0.9488721804511279
