Training Time: 4627.2544
Testing Time: 284.26834
Accuracy: 0.9936729396495781
Precision: 0.9671641791044776
Recall: 0.9744360902255639
