Training Time: 1407.8534
Testing Time: 2316.4724
Accuracy: 0.9982154445165476
Precision: 0.9880597014925373
Recall: 0.9954887218045113
