Training Time: 5.5789847
Testing Time: 1.3021835
Accuracy: 1.0
Precision: 1.0
Recall: 1.0
