Training Time: 88.58706
Testing Time: 1.0584065
Accuracy: 1.0
Precision: 1.0
Recall: 1.0
