Training Time: 32658.299
Testing Time: 0.54940474
Accuracy: 0.9904761904761905
Precision: 1.0
Recall: 1.0
