Training Time: 14.805007
Testing Time: 2.5416768
Accuracy: 1.0
Precision: 1.0
Recall: 1.0
