Training Time: 2.6410582
Testing Time: 0.78131646
Accuracy: 1.0
Precision: 1.0
Recall: 1.0
