Training Time: 0.1831945
Testing Time: 0.045034
Accuracy: 0.9904761904761905
Precision: 1.0
Recall: 0.9
