Training Time: 30261.098
Testing Time: 0.44385004
Accuracy: 0.9904761904761905
Precision: 1.0
Recall: 1.0
