Training Time: 79.23914
Testing Time: 1.0080035
Accuracy: 1.0
Precision: 1.0
Recall: 1.0
