Training Time: 56.345898
Testing Time: 1.8692613
Accuracy: 0.8109965635738832
Precision: 0.9512195121951219
Recall: 0.42391304347826086
