Training Time: 259.97137
Testing Time: 0.67590797
Accuracy: 0.852233676975945
Precision: 0.9152542372881356
Recall: 0.5869565217391305
