Training Time: 11.517201
Testing Time: 1.4275569
Accuracy: 0.8247422680412371
Precision: 0.8253968253968254
Recall: 0.5652173913043478
