Training Time: 3506.0376
Testing Time: 2.5149643
Accuracy: 0.9183006535947712
Precision: 0.9775280898876404
Recall: 1.0
