Training Time: 0.0072183
Testing Time: 0.0176842
Accuracy: 0.4509151414309484
Precision: 0.4359430604982206
Recall: 0.9496124031007752
