Training Time: 0.0265285
Testing Time: 0.09557609
Accuracy: 0.5374376039933444
Precision: 0.4801587301587302
Recall: 0.937984496124031
