Training Time: 1.5391632
Testing Time: 0.2608193
Accuracy: 0.7071547420965059
Precision: 0.5980861244019139
Recall: 0.9689922480620154
