Training Time: 0.0102131
Testing Time: 0.0204837
Accuracy: 0.6938435940099834
Precision: 0.8854166666666666
Recall: 0.32945736434108525
