Training Time: 15.259473
Testing Time: 2.1281786
Accuracy: 0.7628865979381443
Precision: 0.8043478260869565
Recall: 0.592
