Training Time: 0.1990515
Testing Time: 0.0385974
Accuracy: 0.9238095238095239
Precision: 1.0
Recall: 1.0
