Training Time: 13.369702
Testing Time: 0.0156374
Accuracy: 0.9333333333333333
Precision: 1.0
Recall: 1.0
