Training Time: 0.77341086
Testing Time: 0.0439169
Accuracy: 0.7266187050359713
Precision: 0.8571428571428571
Recall: 0.6461538461538462
