Training Time: 74.59836
Testing Time: 0.3020641
Accuracy: 0.6690647482014388
Precision: 0.7413793103448276
Recall: 0.6615384615384615
