Training Time: 93266.11
Testing Time: 20.058338
Accuracy: 0.7122302158273381
Precision: 0.8235294117647058
Recall: 0.6461538461538462
