Training Time: 0.05607
Testing Time: 0.0420805
Accuracy: 0.5657237936772047
Precision: 0.49691991786447637
Recall: 0.937984496124031
