Training Time: 0.0219754
Testing Time: 0.0991333
Accuracy: 0.8519134775374376
Precision: 0.7492625368731564
Recall: 0.9844961240310077
