Training Time: 2.7351727
Testing Time: 0.1840396
Accuracy: 0.6811594202898551
Precision: 0.6666666666666666
Recall: 0.46956521739130436
