Training Time: 1.3942599
Testing Time: 0.0502279
Accuracy: 0.7282608695652174
Precision: 0.717391304347826
Recall: 0.5739130434782609
