Training Time: 201.7483
Testing Time: 0.5849546
Accuracy: 0.7101449275362319
Precision: 0.6842105263157895
Recall: 0.5652173913043478
