Training Time: 188638.53
Testing Time: 38.171955
Accuracy: 0.6195652173913043
Precision: 0.5520833333333334
Recall: 0.4608695652173913
