Training Time: 6.7208123
Testing Time: 0.3974238
Accuracy: 0.7101449275362319
Precision: 0.6804123711340206
Recall: 0.5739130434782609
