Training Time: 2.2563255
Testing Time: 0.1552104
Accuracy: 0.8928571428571429
Precision: 0.8571428571428571
Recall: 0.9230769230769231
