Training Time: 0.0498183
Testing Time: 0.0233475
Accuracy: 0.9285714285714286
Precision: 1.0
Recall: 0.8461538461538461
