Training Time: 61.4941
Testing Time: 0.20739059
Accuracy: 0.9285714285714286
Precision: 0.8666666666666667
Recall: 1.0
