Training Time: 255.99544
Testing Time: 1.727752
Accuracy: 0.9642857142857143
Precision: 1.0
Recall: 0.9230769230769231
