Training Time: 4.587701
Testing Time: 0.3299753
Accuracy: 0.8571428571428571
Precision: 0.8461538461538461
Recall: 0.8461538461538461
