Training Time: 1.3764313
Testing Time: 0.0336747
Accuracy: 0.578125
Precision: 0.48148148148148145
Recall: 0.5
