Training Time: 0.1230381
Testing Time: 0.019567
Accuracy: 0.609375
Precision: 0.5263157894736842
Recall: 0.38461538461538464
