Training Time: 222.6413
Testing Time: 0.119509906
Accuracy: 0.5
Precision: 0.40625
Recall: 0.5
