Training Time: 8.739526
Testing Time: 0.2128406
Accuracy: 0.9904761904761905
Precision: 1.0
Recall: 1.0
