Training Time: 30185.666
Testing Time: 9.884187
Accuracy: 0.9904761904761905
Precision: 1.0
Recall: 1.0
