Training Time: 0.9076763
Testing Time: 0.0959604
Accuracy: 0.9714285714285714
Precision: 1.0
Recall: 1.0
