Training Time: 0.0617435
Testing Time: 0.0054032
Accuracy: 0.5185185185185185
Precision: 0.5294117647058824
Recall: 0.3333333333333333
