Training Time: 0.0821754
Testing Time: 0.0053975
Accuracy: 0.4444444444444444
Precision: 0.42105263157894735
Recall: 0.2962962962962963
