Training Time: 1.9893595
Testing Time: 0.049859
Accuracy: 0.46296296296296297
Precision: 0.45
Recall: 0.3333333333333333
