Training Time: 11.76142
Testing Time: 0.0060195
Accuracy: 0.37037037037037035
Precision: 0.3793103448275862
Recall: 0.4074074074074074
