Training Time: 1.3976811
Testing Time: 0.10152049
Accuracy: 0.5166666666666667
Precision: 0.5882352941176471
Recall: 0.1111111111111111
