Training Time: 37.245228
Testing Time: 0.9265768
Accuracy: 0.5166666666666667
Precision: 0.5652173913043478
Recall: 0.14444444444444443
