Training Time: 245.78969
Testing Time: 12.935615
Accuracy: 0.5444444444444444
Precision: 0.5571428571428572
Recall: 0.43333333333333335
