Training Time: 5550.419
Testing Time: 1.7495968
Accuracy: 0.5833333333333334
Precision: 0.5581395348837209
Recall: 0.8
