Training Time: 2.6762981
Testing Time: 0.1792185
Accuracy: 0.49444444444444446
Precision: 0.48484848484848486
Recall: 0.17777777777777778
