Training Time: 18.569933
Testing Time: 0.2089297
Accuracy: 0.6333333333333333
Precision: 0.625
Recall: 0.6666666666666666
