Training Time: 0.27666682
Testing Time: 0.0151477
Accuracy: 0.6258992805755396
Precision: 0.8222222222222222
Recall: 0.5692307692307692
