Training Time: 4.0992823
Testing Time: 0.0832756
Accuracy: 0.6258992805755396
Precision: 0.6818181818181818
Recall: 0.6923076923076923
