Training Time: 1.1615217
Testing Time: 0.07211249
Accuracy: 0.8571428571428571
Precision: 0.9090909090909091
Recall: 0.7692307692307693
