Training Time: 29.327198
Testing Time: 0.1281551
Accuracy: 0.9285714285714286
Precision: 0.9230769230769231
Recall: 0.9230769230769231
