Training Time: 5421.549
Testing Time: 3.3741715
Accuracy: 0.9642857142857143
Precision: 1.0
Recall: 0.9230769230769231
