Training Time: 2.3340673
Testing Time: 0.1166266
Accuracy: 0.8928571428571429
Precision: 1.0
Recall: 0.7692307692307693
