Training Time: 0.4036848
Testing Time: 0.0248806
Accuracy: 0.7857142857142857
Precision: 0.8888888888888888
Recall: 0.6153846153846154
