Training Time: 51.07439
Testing Time: 0.3075993
Accuracy: 0.9642857142857143
Precision: 1.0
Recall: 0.9230769230769231
