Training Time: 5099.197
Testing Time: 0.1928916
Accuracy: 0.8928571428571429
Precision: 0.9166666666666666
Recall: 0.8461538461538461
