Training Time: 0.1438276
Testing Time: 0.0235751
Accuracy: 0.91
Precision: 0.8
Recall: 0.8421052631578947
