Training Time: 1903.6107
Testing Time: 0.9248107
Accuracy: 0.546875
Precision: 0.42105263157894735
Recall: 0.3076923076923077
