Training Time: 1.2660295
Testing Time: 0.2235132
Accuracy: 0.8945945945945946
Precision: 0.8206896551724138
Recall: 0.9015151515151515
