Training Time: 17220.477
Testing Time: 46.154358
Accuracy: 0.9513513513513514
Precision: 0.9071428571428571
Recall: 0.9621212121212122
