Training Time: 1716.5615
Testing Time: 94.70125
Accuracy: 0.9702702702702702
Precision: 0.9416058394160584
Recall: 0.9772727272727273
