Training Time: 1.2796366
Testing Time: 0.14435169
Accuracy: 0.8648648648648649
Precision: 0.8106060606060606
Recall: 0.8106060606060606
