Training Time: 1010.72644
Testing Time: 13.44376
Accuracy: 0.9405405405405406
Precision: 0.8873239436619719
Recall: 0.9545454545454546
