Training Time: 338.70273
Testing Time: 49.069794
Accuracy: 0.9459459459459459
Precision: 0.8943661971830986
Recall: 0.9621212121212122
