Training Time: 0.0400596
Testing Time: 0.0076661
Accuracy: 0.7
Precision: 0.7
Recall: 0.7
