Training Time: 10.997628
Testing Time: 0.0599151
Accuracy: 0.65
Precision: 0.6363636363636364
Recall: 0.7
