Training Time: 7.6516256
Testing Time: 0.77595717
Accuracy: 0.8856209150326797
Precision: 1.0
Recall: 1.0
