Training Time: 25.352016
Testing Time: 0.21146831
Accuracy: 0.8986928104575164
Precision: 0.9886363636363636
Recall: 1.0
