Training Time: 3196.5457
Testing Time: 1.6982366
Accuracy: 0.9379084967320261
Precision: 0.9886363636363636
Recall: 1.0
