Training Time: 34.103745
Testing Time: 5.1176043
Accuracy: 0.7422680412371134
Precision: 0.7659574468085106
Recall: 0.576
