Training Time: 404.57834
Testing Time: 7.218903
Accuracy: 0.718213058419244
Precision: 0.7866666666666666
Recall: 0.472
