Training Time: 1909.857
Testing Time: 8.80714
Accuracy: 0.7972508591065293
Precision: 0.8113207547169812
Recall: 0.688
