Training Time: 193188.08
Testing Time: 4.1925807
Accuracy: 0.8247422680412371
Precision: 0.8854166666666666
Recall: 0.68
