Training Time: 118.73249
Testing Time: 13.168117
Accuracy: 0.7628865979381443
Precision: 0.7857142857142857
Recall: 0.616
