Training Time: 0.193758
Testing Time: 0.0583008
Accuracy: 0.9619047619047619
Precision: 1.0
Recall: 1.0
