Training Time: 22.03374
Testing Time: 0.49056178
Accuracy: 1.0
Precision: 1.0
Recall: 1.0
