Training Time: 100.089806
Testing Time: 23.124603
Accuracy: 1.0
Precision: 1.0
Recall: 1.0
