Training Time: 44.58651
Testing Time: 0.0656436
Accuracy: 0.9904761904761905
Precision: 1.0
Recall: 1.0
