Training Time: 1.8492639
Testing Time: 0.10693409
Accuracy: 1.0
Precision: 1.0
Recall: 1.0
