Training Time: 2.0372505
Testing Time: 0.1183801
Accuracy: 0.6618705035971223
Precision: 0.7678571428571429
Recall: 0.6615384615384615
