Training Time: 29.604723
Testing Time: 0.64985543
Accuracy: 0.6330935251798561
Precision: 0.7450980392156863
Recall: 0.5846153846153846
