Training Time: 135.3556
Testing Time: 0.27499068
Accuracy: 0.6906474820143885
Precision: 0.7924528301886793
Recall: 0.6461538461538462
