Training Time: 87657.96
Testing Time: 0.4379599
Accuracy: 0.7194244604316546
Precision: 0.8571428571428571
Recall: 0.6461538461538462
