Training Time: 0.66598386
Testing Time: 0.0522053
Accuracy: 0.8341463414634146
Precision: 0.9306930693069307
Recall: 0.94
