Training Time: 248.49959
Testing Time: 1.4106585
Accuracy: 0.8195121951219512
Precision: 0.92
Recall: 0.92
