Training Time: 1162.7826
Testing Time: 87.150055
Accuracy: 0.824390243902439
Precision: 0.9117647058823529
Recall: 0.93
