Training Time: 183.72438
Testing Time: 0.067448705
Accuracy: 0.8390243902439024
Precision: 0.93
Recall: 0.93
