Training Time: 2.5709157
Testing Time: 0.047737
Accuracy: 0.8195121951219512
Precision: 0.93
Recall: 0.93
