Training Time: 14.132075
Testing Time: 1.6788214
Accuracy: 0.7137681159420289
Precision: 0.7571428571428571
Recall: 0.4608695652173913
