Training Time: 1.3001244
Testing Time: 0.0559055
Accuracy: 0.7717391304347826
Precision: 0.7653061224489796
Recall: 0.6521739130434783
