Training Time: 30.562544
Testing Time: 2.543964
Accuracy: 0.7282608695652174
Precision: 0.75
Recall: 0.5217391304347826
