Training Time: 15.293336
Testing Time: 2.716278
Accuracy: 1.0
Precision: 1.0
Recall: 1.0
