Training Time: 0.1682924
Testing Time: 0.0612282
Accuracy: 0.99
Precision: 0.95
Recall: 1.0
