Training Time: 2.9904015
Testing Time: 0.3226708
Accuracy: 0.9153846153846154
Precision: 0.7096774193548387
Recall: 0.9166666666666666
