Training Time: 76.33984
Testing Time: 0.9565451
Accuracy: 0.8692307692307693
Precision: 0.6206896551724138
Recall: 0.75
