Training Time: 0.0643904
Testing Time: 0.0072285
Accuracy: 0.5523809523809524
Precision: 0.4666666666666667
Recall: 0.7
