Training Time: 0.28722578
Testing Time: 0.0460116
Accuracy: 0.98
Precision: 0.9047619047619048
Recall: 1.0
