Training Time: 31.010624
Testing Time: 0.18095471
Accuracy: 1.0
Precision: 1.0
Recall: 1.0
