Training Time: 269.80014
Testing Time: 2.3351943
Accuracy: 0.7410071942446043
Precision: 0.8541666666666666
Recall: 0.6307692307692307
