Training Time: 0.8463269
Testing Time: 0.0308369
Accuracy: 0.7482014388489209
Precision: 0.0
Recall: 0.0
