Training Time: 409.52844
Testing Time: 1.7719508
Accuracy: 0.7482014388489209
Precision: 0.0
Recall: 0.0
