Training Time: 95609.75
Testing Time: 0.6253683
Accuracy: 0.7482014388489209
Precision: 0.0
Recall: 0.0
