Training Time: 4.222902
Testing Time: 0.15698871
Accuracy: 0.7
Precision: 0.7903225806451613
Recall: 0.5444444444444444
