Training Time: 125.64123
Testing Time: 1.5776567
Accuracy: 0.7277777777777777
Precision: 0.8253968253968254
Recall: 0.5777777777777777
