Training Time: 7.9369345
Testing Time: 0.1172991
Accuracy: 0.5777777777777777
Precision: 0.6842105263157895
Recall: 0.28888888888888886
