Training Time: 68.48182
Testing Time: 5.6912203
Accuracy: 0.5584415584415584
Precision: 1.0
Recall: 0.5
