Training Time: 1574.3988
Testing Time: 1.4521848
Accuracy: 0.6
Precision: 1.0
Recall: 0.9166666666666666
