Training Time: 19.057741
Testing Time: 0.033571
Accuracy: 0.6333333333333333
Precision: 0.7142857142857143
Recall: 0.8333333333333334
