Training Time: 743.0458
Testing Time: 10.537566
Accuracy: 0.9648648648648649
Precision: 0.9280575539568345
Recall: 0.9772727272727273
