Training Time: 422.63464
Testing Time: 0.1904716
Accuracy: 0.9432432432432433
Precision: 0.9051094890510949
Recall: 0.9393939393939394
