Training Time: 1.3568935
Testing Time: 0.1208452
Accuracy: 0.5333333333333333
Precision: 0.6363636363636364
Recall: 0.15555555555555556
