Training Time: 36.80047
Testing Time: 0.8664403
Accuracy: 0.6388888888888888
Precision: 0.6126126126126126
Recall: 0.7555555555555555
