Training Time: 361.96042
Testing Time: 38.192707
Accuracy: 0.5055555555555555
Precision: 0.5106382978723404
Recall: 0.26666666666666666
