Training Time: 1.1213325
Testing Time: 1.7948895
Accuracy: 0.5166666666666667
Precision: 0.5161290322580645
Recall: 0.5333333333333333
