Training Time: 0.08231489
Testing Time: 0.0113699
Accuracy: 0.42592592592592593
Precision: 0.35714285714285715
Recall: 0.18518518518518517
