Training Time: 6.1994004
Testing Time: 0.1082198
Accuracy: 0.6296296296296297
Precision: 0.6842105263157895
Recall: 0.48148148148148145
