Training Time: 42.278084
Testing Time: 0.0405629
Accuracy: 0.46296296296296297
Precision: 0.42857142857142855
Recall: 0.2222222222222222
