Training Time: 0.519253
Testing Time: 0.0165364
Accuracy: 0.5740740740740741
Precision: 0.8333333333333334
Recall: 0.18518518518518517
