Training Time: 1.4649854
Testing Time: 0.1060459
Accuracy: 0.7800687285223368
Precision: 0.7904761904761904
Recall: 0.664
