Training Time: 518.4291
Testing Time: 7.650153
Accuracy: 0.7422680412371134
Precision: 0.8378378378378378
Recall: 0.496
