Training Time: 143.72958
Testing Time: 30.706306
Accuracy: 0.9702702702702702
Precision: 0.9481481481481482
Recall: 0.9696969696969697
