Training Time: 1776.2108
Testing Time: 20.100895
Accuracy: 0.9783783783783784
Precision: 0.9558823529411765
Recall: 0.9848484848484849
