Training Time: 8226.524
Testing Time: 43.60602
Accuracy: 0.972972972972973
Precision: 0.9621212121212122
Recall: 0.9621212121212122
