Training Time: 181258.61
Testing Time: 6.3479686
Accuracy: 0.9675675675675676
Precision: 0.9411764705882353
Recall: 0.9696969696969697
