Training Time: 723.6406
Testing Time: 72.54287
Accuracy: 0.9756756756756757
Precision: 0.9624060150375939
Recall: 0.9696969696969697
