Training Time: 0.0411572
Testing Time: 0.0213396
Accuracy: 0.7483660130718954
Precision: 0.9682539682539683
Recall: 0.7011494252873564
