Training Time: 0.0308834
Testing Time: 0.07339711
Accuracy: 0.7058823529411765
Precision: 0.7433628318584071
Recall: 0.9655172413793104
