Training Time: 1.3799906
Testing Time: 0.3047158
Accuracy: 0.6633986928104575
Precision: 0.9253731343283582
Recall: 0.7126436781609196
