Training Time: 3249.6907
Testing Time: 0.55358434
Accuracy: 0.6568627450980392
Precision: 0.7428571428571429
Recall: 0.5977011494252874
