Training Time: 0.1475188
Testing Time: 0.0573874
Accuracy: 0.59375
Precision: 0.5
Recall: 0.4230769230769231
