Training Time: 21.838251
Testing Time: 0.5001467
Accuracy: 0.578125
Precision: 0.4838709677419355
Recall: 0.5769230769230769
