Training Time: 0.107226305
Testing Time: 0.022152
Accuracy: 0.7
Precision: 0.75
Recall: 0.6
