Training Time: 60.13956
Testing Time: 0.1118664
Accuracy: 0.85
Precision: 0.8888888888888888
Recall: 0.8
