Training Time: 333.37653
Testing Time: 0.2886628
Accuracy: 0.8
Precision: 1.0
Recall: 0.6
