Training Time: 3.9101188
Testing Time: 0.0816356
Accuracy: 0.8
Precision: 1.0
Recall: 0.6
