Training Time: 383.61188
Testing Time: 1.967135
Accuracy: 0.7560137457044673
Precision: 0.7647058823529411
Recall: 0.624
