Training Time: 12.2864275
Testing Time: 1.884494
Accuracy: 0.5773195876288659
Precision: 0.5047619047619047
Recall: 0.848
