Training Time: 424.1088
Testing Time: 41.472004
Accuracy: 0.5584415584415584
Precision: 1.0
Recall: 0.5
