Training Time: 0.90613586
Testing Time: 0.16995539
Accuracy: 0.7142857142857143
Precision: 0.5714285714285714
Recall: 0.5
