Training Time: 6246.329
Testing Time: 5.613754
Accuracy: 0.5584415584415584
Precision: 1.0
Recall: 0.5
