Training Time: 1301.4233
Testing Time: 7.2255783
Accuracy: 0.5584415584415584
Precision: 1.0
Recall: 0.5
