Training Time: 281.4543
Testing Time: 419.3844
Accuracy: 0.9933484750162233
Precision: 0.985981308411215
Recall: 0.9518796992481203
