Training Time: 2525.1992
Testing Time: 294.58966
Accuracy: 0.9936729396495781
Precision: 0.9860248447204969
Recall: 0.9548872180451128
