Training Time: 5071.571
Testing Time: 140.20587
Accuracy: 0.9975665152498377
Precision: 0.9850746268656716
Recall: 0.9924812030075187
