Training Time: 1100.7881
Testing Time: 1798.6202
Accuracy: 0.9965931213497728
Precision: 0.9834834834834835
Recall: 0.9849624060150376
