Training Time: 1.5008798
Testing Time: 2.1540377
Accuracy: 0.9939974042829332
Precision: 0.9875776397515528
Recall: 0.956390977443609
