Training Time: 1095.8273
Testing Time: 1797.3993
Accuracy: 0.9965931213497728
Precision: 0.9834834834834835
Recall: 0.9849624060150376
