Training Time: 20.524483
Testing Time: 2.077712
Accuracy: 0.7457044673539519
Precision: 0.6551724137931034
Recall: 0.41304347826086957
