Training Time: 1.4018451
Testing Time: 0.089861296
Accuracy: 0.7903780068728522
Precision: 0.746031746031746
Recall: 0.5108695652173914
