Training Time: 1207.8934
Testing Time: 2.8231556
Accuracy: 0.8109965635738832
Precision: 0.8245614035087719
Recall: 0.5108695652173914
