Training Time: 0.32475698
Testing Time: 0.0116951
Accuracy: 0.77
Precision: 0.5925925925925926
Recall: 0.8421052631578947
