Training Time: 45.468662
Testing Time: 0.5195699
Accuracy: 0.92
Precision: 0.7037037037037037
Recall: 1.0
