Training Time: 0.62680906
Testing Time: 0.1082148
Accuracy: 0.7662337662337663
Precision: 0.7586206896551724
Recall: 0.6666666666666666
