Training Time: 138.48213
Testing Time: 1.1452295
Accuracy: 0.6883116883116883
Precision: 0.6285714285714286
Recall: 0.6666666666666666
