Training Time: 0.032337
Testing Time: 0.1650739
Accuracy: 0.8823529411764706
Precision: 0.9157894736842105
Recall: 1.0
