Training Time: 41.463146
Testing Time: 1.4384481
Accuracy: 0.8921568627450981
Precision: 1.0
Recall: 1.0
