Training Time: 136.13986
Testing Time: 1.0769051
Accuracy: 0.9215686274509803
Precision: 0.9404761904761905
Recall: 0.9080459770114943
