Training Time: 0.0489824
Testing Time: 0.0237796
Accuracy: 0.75
Precision: 0.7777777777777778
Recall: 0.7
