Training Time: 145.00534
Testing Time: 0.1942319
Accuracy: 1.0
Precision: 1.0
Recall: 1.0
