Training Time: 4841.2344
Testing Time: 1.9433436
Accuracy: 0.75
Precision: 0.6923076923076923
Recall: 0.9
