Training Time: 8.189283
Testing Time: 0.5000318
Accuracy: 0.9
Precision: 1.0
Recall: 0.8
