Training Time: 22.01813
Testing Time: 3.262231
Accuracy: 0.97
Precision: 0.8636363636363636
Recall: 1.0
