Training Time: 8.19818
Testing Time: 0.2596193
Accuracy: 0.53125
Precision: 0.4090909090909091
Recall: 0.34615384615384615
