Training Time: 0.13119249
Testing Time: 0.0391433
Accuracy: 0.53125
Precision: 0.3888888888888889
Recall: 0.2692307692307692
