Training Time: 152.55104
Testing Time: 0.6720268
Accuracy: 0.625
Precision: 0.6666666666666666
Recall: 0.15384615384615385
