Training Time: 3.1444492
Testing Time: 0.5743415
Accuracy: 0.5625
Precision: 0.4375
Recall: 0.2692307692307692
