Training Time: 15.705592
Testing Time: 3.5896306
Accuracy: 0.9621621621621622
Precision: 0.9338235294117647
Recall: 0.9621212121212122
