Training Time: 1.1030396
Testing Time: 0.0617666
Accuracy: 0.9027027027027027
Precision: 0.8478260869565217
Recall: 0.8863636363636364
