Training Time: 857.7634
Testing Time: 2.7908926
Accuracy: 0.9513513513513514
Precision: 0.9014084507042254
Recall: 0.9696969696969697
