Training Time: 363.07422
Testing Time: 1.53189
Accuracy: 0.7766323024054983
Precision: 0.7884615384615384
Recall: 0.656
