Training Time: 440.3549
Testing Time: 0.130362
Accuracy: 0.7731958762886598
Precision: 0.7920792079207921
Recall: 0.64
