Training Time: 3.9045289
Testing Time: 0.1923426
Accuracy: 0.5324675324675324
Precision: 0.9545454545454546
Recall: 1.0
