Training Time: 52.00565
Testing Time: 0.7705397
Accuracy: 0.5454545454545454
Precision: 0.9545454545454546
Recall: 1.0
