Training Time: 212.29686
Testing Time: 0.41830552
Accuracy: 0.564935064935065
Precision: 0.9545454545454546
Recall: 1.0
