Training Time: 11.230422
Testing Time: 0.9774732
Accuracy: 0.5454545454545454
Precision: 0.9545454545454546
Recall: 1.0
