Training Time: 1056.8086
Testing Time: 59.568893
Accuracy: 0.5584415584415584
Precision: 0.9545454545454546
Recall: 1.0
