Training Time: 4.6808944
Testing Time: 0.0324087
Accuracy: 0.538961038961039
Precision: 0.9333333333333333
Recall: 1.0
