Training Time: 4.4191904
Testing Time: 0.47785938
Accuracy: 0.551948051948052
Precision: 0.391304347826087
Recall: 0.3103448275862069
