Training Time: 0.6959977
Testing Time: 0.0363936
Accuracy: 0.6038961038961039
Precision: 0.5714285714285714
Recall: 0.27586206896551724
