Training Time: 56.788464
Testing Time: 0.90376216
Accuracy: 0.5909090909090909
Precision: 0.5333333333333333
Recall: 0.27586206896551724
