Training Time: 244.86862
Testing Time: 1.1778054
Accuracy: 0.538961038961039
Precision: 0.42105263157894735
Recall: 0.27586206896551724
