Training Time: 13.167225
Testing Time: 1.1861353
Accuracy: 0.551948051948052
Precision: 0.391304347826087
Recall: 0.3103448275862069
