Training Time: 1169.408
Testing Time: 59.73199
Accuracy: 0.5454545454545454
Precision: 0.391304347826087
Recall: 0.3103448275862069
