Training Time: 203.35466
Testing Time: 0.0554698
Accuracy: 0.538961038961039
Precision: 0.4090909090909091
Recall: 0.3103448275862069
