Training Time: 2.6359305
Testing Time: 0.0366794
Accuracy: 0.5454545454545454
Precision: 0.3888888888888889
Recall: 0.2413793103448276
