Training Time: 5.091289
Testing Time: 0.0601143
Accuracy: 0.85
Precision: 1.0
Recall: 0.7
