Training Time: 0.0842771
Testing Time: 0.0340242
Accuracy: 0.7
Precision: 1.0
Recall: 0.4
