Training Time: 145.20242
Testing Time: 0.2000005
Accuracy: 0.95
Precision: 1.0
Recall: 0.9
