Training Time: 8.322231
Testing Time: 0.2149008
Accuracy: 0.8
Precision: 1.0
Recall: 0.6
