Training Time: 0.1763821
Testing Time: 0.0787256
Accuracy: 1.0
Precision: 1.0
Recall: 1.0
