Training Time: 1.2781999
Testing Time: 0.1361763
Accuracy: 0.8810810810810811
Precision: 0.8283582089552238
Recall: 0.8409090909090909
