Training Time: 538.32086
Testing Time: 11.043837
Accuracy: 0.9135135135135135
Precision: 0.8333333333333334
Recall: 0.946969696969697
