Training Time: 1.4357774
Testing Time: 0.19233249
Accuracy: 0.927027027027027
Precision: 0.8947368421052632
Recall: 0.9015151515151515
