Training Time: 1021.1953
Testing Time: 85.473946
Accuracy: 0.9756756756756757
Precision: 0.9555555555555556
Recall: 0.9772727272727273
