Training Time: 12.810111
Testing Time: 3.2669253
Accuracy: 0.9
Precision: 0.9090909090909091
Recall: 1.0
