Training Time: 1480.603
Testing Time: 7.6622825
Accuracy: 0.9333333333333333
Precision: 0.8333333333333334
Recall: 1.0
