Training Time: 313.25266
Testing Time: 13.236811
Accuracy: 0.7482014388489209
Precision: 0.0
Recall: 0.0
