Training Time: 3127.3022
Testing Time: 4.6832705
Accuracy: 0.7482014388489209
Precision: 0.0
Recall: 0.0
