Training Time: 124785.75
Testing Time: 2.0586545
Accuracy: 0.7482014388489209
Precision: 0.0
Recall: 0.0
