Training Time: 926.76013
Testing Time: 47.796474
Accuracy: 0.7482014388489209
Precision: 0.0
Recall: 0.0
