Training Time: 467.5962
Testing Time: 1.0320796
Accuracy: 0.8833333333333333
Precision: 0.8
Recall: 1.0
