Training Time: 2003.5197
Testing Time: 1.8493404
Accuracy: 0.9666666666666667
Precision: 0.9090909090909091
Recall: 1.0
