Training Time: 51.528687
Testing Time: 2.379661
Accuracy: 0.9166666666666666
Precision: 0.8695652173913043
Recall: 1.0
