Training Time: 19047.484
Testing Time: 100.19146
Accuracy: 0.9324324324324325
Precision: 0.8794326241134752
Recall: 0.9393939393939394
