Training Time: 1698.0098
Testing Time: 146.87709
Accuracy: 0.9513513513513514
Precision: 0.8958333333333334
Recall: 0.9772727272727273
