Training Time: 348.1192
Testing Time: 0.8437095
Accuracy: 0.8333333333333334
Precision: 0.8260869565217391
Recall: 0.95
