Training Time: 0.17457409
Testing Time: 0.0833412
Accuracy: 1.0
Precision: 1.0
Recall: 1.0
