Training Time: 11.313453
Testing Time: 29.71738
Accuracy: 0.9306666666666666
Precision: 0.8055555555555556
Recall: 0.1657142857142857
