Training Time: 0.904875
Testing Time: 0.7141568
Accuracy: 0.9331111111111111
Precision: 0.8048780487804879
Recall: 0.18857142857142858
