Training Time: 121.040115
Testing Time: 49.53096
Accuracy: 0.9315555555555556
Precision: 0.8611111111111112
Recall: 0.17714285714285713
