Training Time: 531.85986
Testing Time: 43.85402
Accuracy: 0.9322222222222222
Precision: 0.6666666666666666
Recall: 0.09090909090909091
