Training Time: 23.816565
Testing Time: 57.23558
Accuracy: 0.9326666666666666
Precision: 0.8
Recall: 0.18285714285714286
