Training Time: 47.208855
Testing Time: 1.7312157
Accuracy: 0.7972508591065293
Precision: 0.851063829787234
Recall: 0.43478260869565216
