Training Time: 201.8248
Testing Time: 0.481522
Accuracy: 0.7800687285223368
Precision: 0.6842105263157895
Recall: 0.5652173913043478
