Training Time: 1.3367459
Testing Time: 0.41943237
Accuracy: 0.7777777777777778
Precision: 0.9411764705882353
Recall: 0.5925925925925926
