Training Time: 0.1131502
Testing Time: 0.0457883
Accuracy: 0.5740740740740741
Precision: 0.5588235294117647
Recall: 0.7037037037037037
