Training Time: 38.75472
Testing Time: 0.3028129
Accuracy: 0.7592592592592593
Precision: 0.75
Recall: 0.7777777777777778
