Training Time: 4.650196
Testing Time: 0.65991217
Accuracy: 0.7407407407407407
Precision: 0.8421052631578947
Recall: 0.5925925925925926
