Training Time: 620.1559
Testing Time: 0.3999737
Accuracy: 0.9809523809523809
Precision: 1.0
Recall: 1.0
