Training Time: 16.449677
Testing Time: 2.5447848
Accuracy: 1.0
Precision: 1.0
Recall: 1.0
