Training Time: 1.0269346
Testing Time: 0.0797739
Accuracy: 0.577922077922078
Precision: 0.9534883720930233
Recall: 0.9761904761904762
