Training Time: 213.29483
Testing Time: 1.8968978
Accuracy: 0.538961038961039
Precision: 0.9545454545454546
Recall: 1.0
