Training Time: 1235.3824
Testing Time: 2.3770084
Accuracy: 0.5714285714285714
Precision: 0.9534883720930233
Recall: 0.9761904761904762
