Training Time: 50.54498
Testing Time: 5.0688095
Accuracy: 0.4935064935064935
Precision: 0.9545454545454546
Recall: 1.0
