Training Time: 5083.632
Testing Time: 35.203976
Accuracy: 0.9702702702702702
Precision: 0.9548872180451128
Recall: 0.9621212121212122
