Training Time: 154003.55
Testing Time: 44.43201
Accuracy: 0.9702702702702702
Precision: 0.9416058394160584
Recall: 0.9772727272727273
