Training Time: 2437.4402
Testing Time: 118.05362
Accuracy: 0.9702702702702702
Precision: 0.9416058394160584
Recall: 0.9772727272727273
