Training Time: 4026.5884
Testing Time: 188.257
Accuracy: 0.9675675675675676
Precision: 0.9347826086956522
Recall: 0.9772727272727273
