Training Time: 1079.0304
Testing Time: 0.7016282
Accuracy: 0.9675675675675676
Precision: 0.9411764705882353
Recall: 0.9696969696969697
