Training Time: 0.88832676
Testing Time: 2.8444884
Accuracy: 0.9248366013071896
Precision: 0.9775280898876404
Recall: 1.0
