Training Time: 28.92842
Testing Time: 1.3630453
Accuracy: 0.8888888888888888
Precision: 0.9775280898876404
Recall: 1.0
