Training Time: 1.5418528
Testing Time: 2.5815103
Accuracy: 0.9444444444444444
Precision: 0.9775280898876404
Recall: 1.0
