Training Time: 2385.0898
Testing Time: 236.80037
Accuracy: 0.9917261518494485
Precision: 0.9919871794871795
Recall: 0.9308270676691729
