Training Time: 1137.7759
Testing Time: 1928.2449
Accuracy: 0.9972420506164829
Precision: 0.9894259818731118
Recall: 0.9849624060150376
