Training Time: 112.89594
Testing Time: 25.246756
Accuracy: 0.9594594594594594
Precision: 0.927007299270073
Recall: 0.9621212121212122
