Training Time: 1.2958612
Testing Time: 0.1696401
Accuracy: 0.8837837837837837
Precision: 0.8111888111888111
Recall: 0.8787878787878788
