Training Time: 0.0677544
Testing Time: 0.072752304
Accuracy: 0.98
Precision: 0.961038961038961
Recall: 1.0
