Training Time: 2.0594702
Testing Time: 0.9131003
Accuracy: 1.0
Precision: 1.0
Recall: 1.0
