Training Time: 6.0503116
Testing Time: 0.19016899
Accuracy: 0.6166666666666667
Precision: 0.7560975609756098
Recall: 0.34444444444444444
