Training Time: 0.0581951
Testing Time: 0.29107112
Accuracy: 0.7611111111111111
Precision: 0.7238095238095238
Recall: 0.8444444444444444
