Training Time: 179.03194
Testing Time: 1.7606827
Accuracy: 0.5111111111111111
Precision: 0.5070422535211268
Recall: 0.8
