Training Time: 12.117127
Testing Time: 1.0737301
Accuracy: 0.5777777777777777
Precision: 0.6842105263157895
Recall: 0.28888888888888886
