Training Time: 195.84447
Testing Time: 6.687009
Accuracy: 0.744
Precision: 0.7479674796747967
Recall: 0.736
