Training Time: 0.48687172
Testing Time: 0.0787685
Accuracy: 0.5370370370370371
Precision: 0.625
Recall: 0.18518518518518517
