Training Time: 0.0796258
Testing Time: 0.0144704
Accuracy: 0.46296296296296297
Precision: 0.46153846153846156
Recall: 0.4444444444444444
