Training Time: 87.60625
Testing Time: 0.0422094
Accuracy: 0.5925925925925926
Precision: 0.5925925925925926
Recall: 0.5925925925925926
