Training Time: 1.6169671
Testing Time: 0.1100505
Accuracy: 0.48148148148148145
Precision: 0.45454545454545453
Recall: 0.18518518518518517
