Training Time: 0.7677196
Testing Time: 0.0241324
Accuracy: 0.5974025974025974
Precision: 0.45454545454545453
Recall: 0.3448275862068966
