Training Time: 79.71609
Testing Time: 0.0341622
Accuracy: 0.5584415584415584
Precision: 0.4074074074074074
Recall: 0.3793103448275862
