Training Time: 59.30111
Testing Time: 2.8015025
Accuracy: 0.9351351351351351
Precision: 0.86
Recall: 0.9772727272727273
