Training Time: 268.34998
Testing Time: 0.1712229
Accuracy: 0.9297297297297298
Precision: 0.8486842105263158
Recall: 0.9772727272727273
