Training Time: 13.894391
Testing Time: 1.7870938
Accuracy: 0.5454545454545454
Precision: 0.36363636363636365
Recall: 0.27586206896551724
