Training Time: 0.7999557
Testing Time: 0.069435
Accuracy: 0.6038961038961039
Precision: 0.4666666666666667
Recall: 0.2413793103448276
