Training Time: 37.639786
Testing Time: 3.045944
Accuracy: 0.5324675324675324
Precision: 0.34782608695652173
Recall: 0.27586206896551724
