Training Time: 2.945904
Testing Time: 0.9855555
Accuracy: 0.9538461538461539
Precision: 0.8461538461538461
Recall: 0.9166666666666666
