Training Time: 0.0779858
Testing Time: 0.14841929
Accuracy: 0.8
Precision: 0.4722222222222222
Recall: 0.7083333333333334
