Training Time: 75.07527
Testing Time: 0.9382665
Accuracy: 0.9692307692307692
Precision: 0.8571428571428571
Recall: 1.0
