Training Time: 8133.4795
Testing Time: 1.0359181
Accuracy: 0.8923076923076924
Precision: 0.6666666666666666
Recall: 0.8333333333333334
