Training Time: 6.368752
Testing Time: 1.2764723
Accuracy: 0.9538461538461539
Precision: 0.875
Recall: 0.875
