Training Time: 501.2531
Testing Time: 8.260501
Accuracy: 0.752
Precision: 0.7480314960629921
Recall: 0.76
