Training Time: 7045.288
Testing Time: 16.057722
Accuracy: 0.764
Precision: 0.7578125
Recall: 0.776
