Training Time: 0.18865049
Testing Time: 0.0787219
Accuracy: 0.53125
Precision: 0.375
Recall: 0.23076923076923078
