Training Time: 571.9472
Testing Time: 1.0659717
Accuracy: 0.578125
Precision: 0.45454545454545453
Recall: 0.19230769230769232
