Training Time: 4877.529
Testing Time: 2.4623802
Accuracy: 0.53125
Precision: 0.375
Recall: 0.23076923076923078
