Training Time: 2.1383893
Testing Time: 0.22021191
Accuracy: 0.848780487804878
Precision: 0.9393939393939394
Recall: 0.93
