Training Time: 5.3191395
Testing Time: 0.4936624
Accuracy: 0.8536585365853658
Precision: 0.9393939393939394
Recall: 0.93
