Training Time: 144.96355
Testing Time: 0.1819652
Accuracy: 1.0
Precision: 1.0
Recall: 1.0
