Training Time: 37.097282
Testing Time: 5.6195903
Accuracy: 0.7246376811594203
Precision: 0.782608695652174
Recall: 0.46956521739130436
