Training Time: 1.5088778
Testing Time: 0.11946809
Accuracy: 0.7789855072463768
Precision: 0.7872340425531915
Recall: 0.6434782608695652
