Training Time: 2326.6853
Testing Time: 5.1132636
Accuracy: 0.7934782608695652
Precision: 0.8295454545454546
Recall: 0.6347826086956522
