Training Time: 193923.95
Testing Time: 58.98393
Accuracy: 0.7753623188405797
Precision: 0.7912087912087912
Recall: 0.6260869565217392
