Training Time: 599.2629
Testing Time: 27.043175
Accuracy: 0.7482014388489209
Precision: 0.0
Recall: 0.0
