Training Time: 1.1450418
Testing Time: 0.1734381
Accuracy: 0.7482014388489209
Precision: 0.0
Recall: 0.0
