Training Time: 1625.222
Testing Time: 40.705467
Accuracy: 0.7482014388489209
Precision: 0.0
Recall: 0.0
