Training Time: 0.0526167
Testing Time: 0.046176
Accuracy: 0.5058236272878536
Precision: 0.4644808743169399
Recall: 0.9883720930232558
