Training Time: 0.0271001
Testing Time: 0.1402328
Accuracy: 0.8435940099833611
Precision: 0.75625
Recall: 0.937984496124031
