Training Time: 1.6623313
Testing Time: 0.68864334
Accuracy: 0.4292845257903494
Precision: 0.4292845257903494
Recall: 1.0
