Training Time: 12.759166
Testing Time: 1.9402932
Accuracy: 0.7237936772046589
Precision: 0.6090047393364929
Recall: 0.9961240310077519
