Training Time: 0.097560704
Testing Time: 0.0592762
Accuracy: 0.6289517470881864
Precision: 0.5373134328358209
Recall: 0.9767441860465116
