Training Time: 0.6600412
Testing Time: 0.17416099
Accuracy: 1.0
Precision: 1.0
Recall: 1.0
