Training Time: 0.047892
Testing Time: 0.0318504
Accuracy: 1.0
Precision: 1.0
Recall: 1.0
