Training Time: 17.981234
Testing Time: 0.0987281
Accuracy: 0.9642857142857143
Precision: 1.0
Recall: 0.9230769230769231
