Training Time: 48.554604
Testing Time: 0.0199637
Accuracy: 1.0
Precision: 1.0
Recall: 1.0
