Training Time: 5141.63
Testing Time: 0.096797
Accuracy: 0.9642857142857143
Precision: 1.0
Recall: 0.9230769230769231
