Training Time: 1.4082197
Testing Time: 0.2213995
Accuracy: 1.0
Precision: 1.0
Recall: 1.0
