Training Time: 28.165056
Testing Time: 1.6770046
Accuracy: 0.9642857142857143
Precision: 1.0
Recall: 0.9230769230769231
