Training Time: 9.779616
Testing Time: 0.0168344
Accuracy: 1.0
Precision: 1.0
Recall: 1.0
