Training Time: 0.3928962
Testing Time: 0.0717471
Accuracy: 1.0
Precision: 1.0
Recall: 1.0
