Training Time: 309.3201
Testing Time: 19.599285
Accuracy: 0.7482014388489209
Precision: 0.0
Recall: 0.0
