Training Time: 1.0051984
Testing Time: 0.1769732
Accuracy: 0.7266187050359713
Precision: 0.0
Recall: 0.0
