Training Time: 3087.8955
Testing Time: 4.726828
Accuracy: 0.7482014388489209
Precision: 0.0
Recall: 0.0
