Training Time: 24250.338
Testing Time: 49.261673
Accuracy: 0.7553956834532374
Precision: 1.0
Recall: 0.02857142857142857
