Training Time: 899.1424
Testing Time: 46.986687
Accuracy: 0.7482014388489209
Precision: 0.0
Recall: 0.0
