Training Time: 4.7264934
Testing Time: 0.28853938
Accuracy: 1.0
Precision: 1.0
Recall: 1.0
