Training Time: 0.0695742
Testing Time: 0.0329227
Accuracy: 0.9
Precision: 0.8333333333333334
Recall: 1.0
