Training Time: 174.94496
Testing Time: 0.1491432
Accuracy: 1.0
Precision: 1.0
Recall: 1.0
