Training Time: 1.0407495
Testing Time: 0.0400319
Accuracy: 0.45454545454545453
Precision: 0.9111111111111111
Recall: 0.9761904761904762
