Training Time: 102.02052
Testing Time: 0.4250615
Accuracy: 0.5194805194805194
Precision: 0.9545454545454546
Recall: 1.0
