Training Time: 130049.49
Testing Time: 13.689609
Accuracy: 0.538961038961039
Precision: 0.9545454545454546
Recall: 1.0
