Training Time: 4.0806255
Testing Time: 0.1134773
Accuracy: 0.8195121951219512
Precision: 0.8846153846153846
Recall: 0.92
