Training Time: 22.457975
Testing Time: 0.0116573
Accuracy: 0.751219512195122
Precision: 0.8613861386138614
Recall: 0.87
