Training Time: 0.3881265
Testing Time: 0.0252295
Accuracy: 0.8923076923076924
Precision: 0.7083333333333334
Recall: 0.7083333333333334
