Training Time: 72.801834
Testing Time: 0.3100686
Accuracy: 0.7461538461538462
Precision: 0.40816326530612246
Recall: 0.8333333333333334
