Training Time: 0.1247916
Testing Time: 0.0432524
Accuracy: 0.8066666666666666
Precision: 0.7319587628865979
Recall: 0.9594594594594594
