Training Time: 0.070286706
Testing Time: 0.0129824
Accuracy: 0.78
Precision: 0.7662337662337663
Recall: 0.7972972972972973
