Training Time: 18.339836
Testing Time: 0.0518269
Accuracy: 0.7266666666666667
Precision: 0.7142857142857143
Recall: 0.7432432432432432
