Training Time: 12336.099
Testing Time: 39.59451
Accuracy: 0.68
Precision: 0.6326530612244898
Recall: 0.8378378378378378
