Training Time: 84.94778
Testing Time: 2.321139
Accuracy: 0.7482014388489209
Precision: 0.0
Recall: 0.0
