Training Time: 0.79996836
Testing Time: 0.1015977
Accuracy: 0.7410071942446043
Precision: 0.0
Recall: 0.0
