Training Time: 835.9153
Testing Time: 3.2729673
Accuracy: 0.7482014388489209
Precision: 0.0
Recall: 0.0
