Training Time: 75077.06
Testing Time: 0.7874488
Accuracy: 0.7482014388489209
Precision: 0.0
Recall: 0.0
