Training Time: 206.71463
Testing Time: 8.193999
Accuracy: 0.7482014388489209
Precision: 0.0
Recall: 0.0
