Training Time: 14.649335
Testing Time: 0.49779993
Accuracy: 0.8247422680412371
Precision: 0.8425925925925926
Recall: 0.728
