Training Time: 0.7597982
Testing Time: 0.1613204
Accuracy: 0.7662337662337663
Precision: 0.7142857142857143
Recall: 0.7575757575757576
