Training Time: 1052.6322
Testing Time: 19.798903
Accuracy: 0.7402597402597403
Precision: 0.6382978723404256
Recall: 0.9090909090909091
