Training Time: 11.075656
Testing Time: 0.8654288
Accuracy: 0.8666666666666667
Precision: 0.9166666666666666
Recall: 0.9166666666666666
