Training Time: 0.10026871
Testing Time: 0.0577605
Accuracy: 0.8
Precision: 1.0
Recall: 0.9166666666666666
