Training Time: 332.54282
Testing Time: 0.39186522
Accuracy: 0.8666666666666667
Precision: 0.8461538461538461
Recall: 0.9166666666666666
