Training Time: 1705.0948
Testing Time: 1.4644843
Accuracy: 0.8333333333333334
Precision: 0.9166666666666666
Recall: 0.9166666666666666
