Training Time: 24.643024
Testing Time: 1.0465596
Accuracy: 0.8666666666666667
Precision: 0.9166666666666666
Recall: 0.9166666666666666
