Training Time: 0.0265639
Testing Time: 0.0629624
Accuracy: 0.5973377703826955
Precision: 0.5163934426229508
Recall: 0.9767441860465116
