Training Time: 2.0950212
Testing Time: 0.33900702
Accuracy: 0.718801996672213
Precision: 0.6047058823529412
Recall: 0.9961240310077519
