Training Time: 0.0196822
Testing Time: 0.0600806
Accuracy: 0.7653910149750416
Precision: 0.6519480519480519
Recall: 0.9728682170542635
