Training Time: 1.3897709
Testing Time: 0.0702226
Accuracy: 0.75
Precision: 0.7613636363636364
Recall: 0.5826086956521739
