Training Time: 1950.359
Testing Time: 8.931327
Accuracy: 0.7608695652173914
Precision: 0.7692307692307693
Recall: 0.6086956521739131
