Training Time: 85.32489
Testing Time: 8.295324
Accuracy: 0.7318840579710145
Precision: 0.7808219178082192
Recall: 0.4956521739130435
