Training Time: 2.576071
Testing Time: 0.2149722
Accuracy: 0.9
Precision: 1.0
Recall: 0.9166666666666666
