Training Time: 9078.416
Testing Time: 0.44882807
Accuracy: 0.8666666666666667
Precision: 0.7857142857142857
Recall: 0.9166666666666666
