Training Time: 5.951829
Testing Time: 0.31274152
Accuracy: 0.9
Precision: 1.0
Recall: 0.9166666666666666
