Training Time: 159.08707
Testing Time: 1.9495534
Accuracy: 0.8666666666666667
Precision: 0.8461538461538461
Recall: 0.9166666666666666
