Training Time: 3.6222162
Testing Time: 0.31129938
Accuracy: 0.8666666666666667
Precision: 0.8461538461538461
Recall: 0.9166666666666666
