Training Time: 2.1896238
Testing Time: 0.17886929
Accuracy: 0.697594501718213
Precision: 0.6428571428571429
Recall: 0.09782608695652174
