Training Time: 1.4277183
Testing Time: 0.0488543
Accuracy: 0.7938144329896907
Precision: 0.7580645161290323
Recall: 0.5108695652173914
