Training Time: 33.145393
Testing Time: 0.8280141
Accuracy: 0.6941580756013745
Precision: 0.8
Recall: 0.043478260869565216
