Training Time: 157.49535
Testing Time: 0.41188532
Accuracy: 0.8041237113402062
Precision: 0.7611940298507462
Recall: 0.5543478260869565
