Training Time: 183695.48
Testing Time: 1.9072585
Accuracy: 0.8350515463917526
Precision: 0.8928571428571429
Recall: 0.5434782608695652
