Training Time: 5.2254786
Testing Time: 0.4517965
Accuracy: 0.42955326460481097
Precision: 0.3445378151260504
Recall: 0.8913043478260869
