Training Time: 9.332661
Testing Time: 1.4016786
Accuracy: 0.6829268292682927
Precision: 0.8765432098765432
Recall: 0.9861111111111112
