Training Time: 129428.29
Testing Time: 71.44496
Accuracy: 0.7609756097560976
Precision: 0.8780487804878049
Recall: 1.0
