Training Time: 1.8722539
Testing Time: 0.1476585
Accuracy: 0.5454545454545454
Precision: 0.9545454545454546
Recall: 1.0
