Training Time: 5.329174
Testing Time: 0.213874
Accuracy: 0.5454545454545454
Precision: 0.9545454545454546
Recall: 1.0
