Training Time: 0.8237616
Testing Time: 0.2150103
Accuracy: 0.8701298701298701
Precision: 0.8709677419354839
Recall: 0.8181818181818182
