Training Time: 80679.39
Testing Time: 142.97673
Accuracy: 0.7532467532467533
Precision: 0.71875
Recall: 0.696969696969697
