Training Time: 1475.1644
Testing Time: 16.55648
Accuracy: 0.8051948051948052
Precision: 0.7368421052631579
Recall: 0.8484848484848485
