Training Time: 1.0483571
Testing Time: 0.0377998
Accuracy: 0.6038961038961039
Precision: 0.9545454545454546
Recall: 1.0
