Training Time: 77.30614
Testing Time: 1.4551997
Accuracy: 0.5714285714285714
Precision: 0.9333333333333333
Recall: 1.0
