Training Time: 479.73135
Testing Time: 1.9183655
Accuracy: 0.5454545454545454
Precision: 0.9545454545454546
Recall: 1.0
