Training Time: 14.524769
Testing Time: 1.1879965
Accuracy: 0.4935064935064935
Precision: 0.9333333333333333
Recall: 1.0
