Training Time: 9.095635
Testing Time: 1.2933731
Accuracy: 0.8384879725085911
Precision: 0.8947368421052632
Recall: 0.5543478260869565
