Training Time: 1.311253
Testing Time: 0.110460706
Accuracy: 0.8178694158075601
Precision: 0.8421052631578947
Recall: 0.5217391304347826
