Training Time: 28.899971
Testing Time: 2.7197685
Accuracy: 0.8384879725085911
Precision: 0.8947368421052632
Recall: 0.5543478260869565
