Training Time: 2.1721606
Testing Time: 0.0565532
Accuracy: 0.8487972508591065
Precision: 0.8529411764705882
Recall: 0.6304347826086957
