Training Time: 0.4704444
Testing Time: 0.0229764
Accuracy: 0.59375
Precision: 0.5
Recall: 0.15384615384615385
