Training Time: 0.191626
Testing Time: 0.09268849
Accuracy: 0.5625
Precision: 0.4375
Recall: 0.2692307692307692
