Training Time: 10.504028
Testing Time: 0.1534464
Accuracy: 0.578125
Precision: 0.0
Recall: 0.0
