Training Time: 0.6836875
Testing Time: 0.0674577
Accuracy: 0.7010309278350515
Precision: 0.5362318840579711
Recall: 0.40217391304347827
