Training Time: 1.4213254
Testing Time: 0.0404444
Accuracy: 0.711340206185567
Precision: 0.5869565217391305
Recall: 0.29347826086956524
