Training Time: 9.315103
Testing Time: 0.2784148
Accuracy: 0.6838487972508591
Precision: 0.5
Recall: 0.16304347826086957
