Training Time: 56.030174
Testing Time: 0.14992301
Accuracy: 0.697594501718213
Precision: 0.5357142857142857
Recall: 0.32608695652173914
