Training Time: 48.7887
Testing Time: 6.6439238
Accuracy: 0.8487972508591065
Precision: 0.9137931034482759
Recall: 0.5760869565217391
