Training Time: 1.3416462
Testing Time: 0.1086404
Accuracy: 0.8487972508591065
Precision: 0.8636363636363636
Recall: 0.6195652173913043
