Training Time: 5.2555757
Testing Time: 1.020467
Accuracy: 0.8341463414634146
Precision: 0.9117647058823529
Recall: 0.93
