Training Time: 0.71333367
Testing Time: 0.0770895
Accuracy: 0.8195121951219512
Precision: 0.9117647058823529
Recall: 0.93
