Training Time: 14.776606
Testing Time: 1.559447
Accuracy: 0.8292682926829268
Precision: 0.9207920792079208
Recall: 0.93
