Training Time: 6.6576276
Testing Time: 1.1934468
Accuracy: 0.98
Precision: 0.9047619047619048
Recall: 1.0
