Training Time: 0.14960541
Testing Time: 0.0574114
Accuracy: 1.0
Precision: 1.0
Recall: 1.0
