Training Time: 608.27185
Testing Time: 3.5213926
Accuracy: 0.99
Precision: 0.95
Recall: 1.0
