Training Time: 0.9118313
Testing Time: 0.0524151
Accuracy: 0.7658536585365854
Precision: 0.8780487804878049
Recall: 1.0
