Training Time: 436.71402
Testing Time: 1.153882
Accuracy: 0.7268292682926829
Precision: 0.8780487804878049
Recall: 1.0
