Training Time: 14.5615425
Testing Time: 2.0615585
Accuracy: 0.7414634146341463
Precision: 0.8780487804878049
Recall: 1.0
