Training Time: 30.71821
Testing Time: 4.2554235
Accuracy: 0.7463768115942029
Precision: 0.7922077922077922
Recall: 0.5304347826086957
