Training Time: 348.00626
Testing Time: 6.3265915
Accuracy: 0.7318840579710145
Precision: 0.8253968253968254
Recall: 0.45217391304347826
