Training Time: 38.683266
Testing Time: 1.9885973
Accuracy: 0.7482014388489209
Precision: 0.0
Recall: 0.0
