Training Time: 431.90533
Testing Time: 2.2156572
Accuracy: 0.7482014388489209
Precision: 0.0
Recall: 0.0
