Training Time: 4202.2812
Testing Time: 8.784868
Accuracy: 0.7482014388489209
Precision: 0.0
Recall: 0.0
