Training Time: 97.86311
Testing Time: 4.3936806
Accuracy: 0.7482014388489209
Precision: 0.0
Recall: 0.0
