Training Time: 0.1057135
Testing Time: 0.0400077
Accuracy: 0.42592592592592593
Precision: 0.4375
Recall: 0.5185185185185185
