Training Time: 121.90498
Testing Time: 0.51600516
Accuracy: 0.7777777777777778
Precision: 0.7777777777777778
Recall: 0.7777777777777778
