Training Time: 0.0383079
Testing Time: 0.0062442
Accuracy: 0.65
Precision: 0.6363636363636364
Recall: 0.7
