Training Time: 4124.8364
Testing Time: 1.4915098
Accuracy: 0.75
Precision: 0.6923076923076923
Recall: 0.9
