Training Time: 38.594517
Testing Time: 4.5992117
Accuracy: 0.7609756097560976
Precision: 0.8780487804878049
Recall: 1.0
