Training Time: 0.3239033
Testing Time: 0.0265049
Accuracy: 0.6195121951219512
Precision: 0.8481012658227848
Recall: 0.67
