Training Time: 4.884707
Testing Time: 1.2210869
Accuracy: 1.0
Precision: 1.0
Recall: 1.0
