Training Time: 0.2068336
Testing Time: 0.0499538
Accuracy: 0.9809523809523809
Precision: 1.0
Recall: 1.0
