Training Time: 85.983315
Testing Time: 0.97736466
Accuracy: 1.0
Precision: 1.0
Recall: 1.0
