Training Time: 0.3506872
Testing Time: 0.0247997
Accuracy: 0.8
Precision: 1.0
Recall: 0.6
