Training Time: 0.0440746
Testing Time: 0.0185282
Accuracy: 0.85
Precision: 0.8181818181818182
Recall: 0.9
