Training Time: 4145.2554
Testing Time: 1.7713463
Accuracy: 0.8
Precision: 0.7142857142857143
Recall: 1.0
