Training Time: 0.4478159
Testing Time: 0.3480885
Accuracy: 0.4292845257903494
Precision: 0.4292845257903494
Recall: 1.0
