Training Time: 2.6705117
Testing Time: 0.0972736
Accuracy: 0.8336106489184693
Precision: 0.7283236994219653
Recall: 0.9767441860465116
