Training Time: 0.0207191
Testing Time: 0.0218369
Accuracy: 0.6356073211314476
Precision: 0.5469879518072289
Recall: 0.8798449612403101
