Training Time: 23.724152
Testing Time: 3.954644
Accuracy: 0.8591065292096219
Precision: 0.9180327868852459
Recall: 0.6086956521739131
