Training Time: 70.66009
Testing Time: 9.148543
Accuracy: 0.8591065292096219
Precision: 0.9180327868852459
Recall: 0.6086956521739131
