Training Time: 0.078583695
Testing Time: 0.1370203
Accuracy: 0.6023294509151415
Precision: 0.5191919191919192
Recall: 0.9961240310077519
