Training Time: 0.0235934
Testing Time: 0.1233744
Accuracy: 0.8103161397670549
Precision: 0.7033898305084746
Recall: 0.9651162790697675
