Training Time: 16.543417
Testing Time: 0.5378809
Accuracy: 0.7803660565723793
Precision: 0.6640625
Recall: 0.9883720930232558
