Training Time: 0.14474621
Testing Time: 0.1675217
Accuracy: 0.670549084858569
Precision: 0.5663716814159292
Recall: 0.9922480620155039
