Training Time: 1.3700303
Testing Time: 4.4366574
Accuracy: 0.9281045751633987
Precision: 0.9666666666666667
Recall: 1.0
