Training Time: 44.211754
Testing Time: 1.7964122
Accuracy: 0.8921568627450981
Precision: 0.9560439560439561
Recall: 1.0
