Training Time: 3626.3533
Testing Time: 3.5643775
Accuracy: 0.5584415584415584
Precision: 1.0
Recall: 0.5
