Training Time: 36689.645
Testing Time: 138.19423
Accuracy: 0.6493506493506493
Precision: 0.7142857142857143
Recall: 0.625
