Training Time: 763.0419
Testing Time: 11.804695
Accuracy: 0.5844155844155844
Precision: 0.8
Recall: 0.5
