Training Time: 0.5239461
Testing Time: 0.0780007
Accuracy: 0.7662337662337663
Precision: 0.7272727272727273
Recall: 0.7272727272727273
