Training Time: 1749.4784
Testing Time: 3.8151064
Accuracy: 0.6883116883116883
Precision: 0.5918367346938775
Recall: 0.8787878787878788
