Training Time: 17954.193
Testing Time: 29.005007
Accuracy: 0.6363636363636364
Precision: 0.5714285714285714
Recall: 0.6060606060606061
