Training Time: 58566.723
Testing Time: 1.9135756
Accuracy: 0.8441558441558441
Precision: 0.8181818181818182
Recall: 0.8181818181818182
