Training Time: 442.39014
Testing Time: 0.3645649
Accuracy: 0.5454545454545454
Precision: 0.47368421052631576
Recall: 0.5454545454545454
