Training Time: 79.56452
Testing Time: 3.4289756
Accuracy: 0.7792207792207793
Precision: 0.75
Recall: 0.7272727272727273
