Training Time: 18.486347
Testing Time: 2.0711176
Accuracy: 0.5324675324675324
Precision: 0.34615384615384615
Recall: 0.3103448275862069
