Training Time: 215.03241
Testing Time: 2.2275658
Accuracy: 0.551948051948052
Precision: 0.38095238095238093
Recall: 0.27586206896551724
