Training Time: 989.32587
Testing Time: 2.3089175
Accuracy: 0.6103896103896104
Precision: 0.5263157894736842
Recall: 0.3448275862068966
