Training Time: 116739.24
Testing Time: 1.5220572
Accuracy: 0.5844155844155844
Precision: 0.6363636363636364
Recall: 0.2413793103448276
