Training Time: 50.432472
Testing Time: 4.611549
Accuracy: 0.525974025974026
Precision: 0.36363636363636365
Recall: 0.27586206896551724
