Training Time: 0.1573533
Testing Time: 0.017434
Accuracy: 0.7
Precision: 0.34285714285714286
Recall: 0.631578947368421
