Training Time: 0.1645583
Testing Time: 0.0644783
Accuracy: 0.515625
Precision: 0.3333333333333333
Recall: 0.19230769230769232
