Training Time: 6.1867313
Testing Time: 1.2617741
Accuracy: 1.0
Precision: 1.0
Recall: 1.0
