Training Time: 102.90943
Testing Time: 0.6202316
Accuracy: 1.0
Precision: 1.0
Recall: 1.0
