Training Time: 567.21796
Testing Time: 0.244896
Accuracy: 1.0
Precision: 1.0
Recall: 1.0
