Training Time: 0.0747178
Testing Time: 0.0556088
Accuracy: 0.8933333333333333
Precision: 0.8536585365853658
Recall: 0.9459459459459459
