Training Time: 150.05333
Testing Time: 4.487517
Accuracy: 0.8733333333333333
Precision: 0.8571428571428571
Recall: 0.8918918918918919
