Training Time: 2.0327303
Testing Time: 0.9835368
Accuracy: 0.98
Precision: 0.9733333333333334
Recall: 0.9864864864864865
