Training Time: 3079.2002
Testing Time: 6.0541005
Accuracy: 0.4805194805194805
Precision: 0.5
Recall: 0.625
