Training Time: 1.4507545
Testing Time: 0.3413454
Accuracy: 1.0
Precision: 1.0
Recall: 1.0
