Training Time: 111.24251
Testing Time: 0.1697049
Accuracy: 0.9642857142857143
Precision: 1.0
Recall: 0.9230769230769231
