Training Time: 5223.192
Testing Time: 0.1828413
Accuracy: 0.9285714285714286
Precision: 1.0
Recall: 0.8461538461538461
