Training Time: 3.1462727
Testing Time: 0.46259868
Accuracy: 1.0
Precision: 1.0
Recall: 1.0
