Training Time: 206.3553
Testing Time: 0.9241317
Accuracy: 0.676923076923077
Precision: 0.3392857142857143
Recall: 0.7916666666666666
