Training Time: 2.4234974
Testing Time: 0.1580021
Accuracy: 0.6618705035971223
Precision: 0.8431372549019608
Recall: 0.6615384615384615
