Training Time: 0.68217367
Testing Time: 0.0270199
Accuracy: 0.7410071942446043
Precision: 0.8679245283018868
Recall: 0.7076923076923077
