Training Time: 34.232464
Testing Time: 0.7286315
Accuracy: 0.6906474820143885
Precision: 0.75
Recall: 0.7384615384615385
