Training Time: 197.13605
Testing Time: 0.41307238
Accuracy: 0.7194244604316546
Precision: 0.7966101694915254
Recall: 0.7230769230769231
