Training Time: 5.636506
Testing Time: 0.69839185
Accuracy: 0.6618705035971223
Precision: 0.8431372549019608
Recall: 0.6615384615384615
