Training Time: 1.547542
Testing Time: 0.0950064
Accuracy: 0.7835051546391752
Precision: 0.7924528301886793
Recall: 0.672
