Training Time: 365.34943
Testing Time: 7.0039864
Accuracy: 0.738831615120275
Precision: 0.8656716417910447
Recall: 0.464
