Training Time: 0.73028815
Testing Time: 0.0417216
Accuracy: 0.7266187050359713
Precision: 0.8214285714285714
Recall: 0.7076923076923077
