Training Time: 76.46788
Testing Time: 1.3538393
Accuracy: 0.7122302158273381
Precision: 0.7272727272727273
Recall: 0.7384615384615385
