Training Time: 14.128448
Testing Time: 1.4771826
Accuracy: 0.762589928057554
Precision: 0.7846153846153846
Recall: 0.7846153846153846
