Training Time: 0.0327508
Testing Time: 0.0024699
Accuracy: 0.7
Precision: 0.7
Recall: 0.7
