Training Time: 2.5738044
Testing Time: 0.0336311
Accuracy: 0.6
Precision: 0.5833333333333334
Recall: 0.7
