Training Time: 19.98116
Testing Time: 0.0127458
Accuracy: 0.7
Precision: 0.8333333333333334
Recall: 0.5
