Training Time: 0.7181211
Testing Time: 0.0415383
Accuracy: 0.7194244604316546
Precision: 0.9130434782608695
Recall: 0.6461538461538462
