Training Time: 61.62812
Testing Time: 1.0721362
Accuracy: 0.7122302158273381
Precision: 0.8775510204081632
Recall: 0.6615384615384615
