Training Time: 264.34573
Testing Time: 0.9456461
Accuracy: 0.7266187050359713
Precision: 0.8775510204081632
Recall: 0.6615384615384615
