Training Time: 88358.766
Testing Time: 17.942762
Accuracy: 0.7050359712230215
Precision: 0.8541666666666666
Recall: 0.6307692307692307
