Training Time: 12.975107
Testing Time: 0.8554687
Accuracy: 0.697841726618705
Precision: 0.8653846153846154
Recall: 0.6923076923076923
