Training Time: 198.13039
Testing Time: 0.0632145
Accuracy: 0.7338129496402878
Precision: 0.8936170212765957
Recall: 0.6461538461538462
