Training Time: 2.3537285
Testing Time: 0.0352747
Accuracy: 0.6690647482014388
Precision: 0.7818181818181819
Recall: 0.6615384615384615
