Training Time: 15.248184
Testing Time: 0.3341905
Accuracy: 0.6594202898550725
Precision: 0.6153846153846154
Recall: 0.48695652173913045
