Training Time: 1.4127038
Testing Time: 0.0679868
Accuracy: 0.7463768115942029
Precision: 0.7184466019417476
Recall: 0.6434782608695652
