Training Time: 168.41866
Testing Time: 4.604298
Accuracy: 0.6485507246376812
Precision: 0.7045454545454546
Recall: 0.26956521739130435
