Training Time: 12.162534
Testing Time: 2.052178
Accuracy: 0.7658536585365854
Precision: 0.8780487804878049
Recall: 1.0
