Training Time: 0.9236016
Testing Time: 0.07213151
Accuracy: 0.7658536585365854
Precision: 0.8780487804878049
Recall: 1.0
