Training Time: 960.2707
Testing Time: 2.42509
Accuracy: 0.7609756097560976
Precision: 0.8780487804878049
Recall: 1.0
