Training Time: 38.040257
Testing Time: 4.0673127
Accuracy: 0.7804878048780488
Precision: 0.8780487804878049
Recall: 1.0
