Training Time: 3.086318
Testing Time: 0.6541796
Accuracy: 1.0
Precision: 1.0
Recall: 1.0
