Training Time: 0.2184037
Testing Time: 0.0461011
Accuracy: 0.9714285714285714
Precision: 1.0
Recall: 0.9
