Training Time: 348.03934
Testing Time: 0.4269479
Accuracy: 1.0
Precision: 1.0
Recall: 1.0
