Training Time: 28.590723
Testing Time: 3.4329965
Accuracy: 0.7427536231884058
Precision: 0.7972972972972973
Recall: 0.5130434782608696
