Training Time: 330.34253
Testing Time: 4.8659754
Accuracy: 0.7210144927536232
Precision: 0.8064516129032258
Recall: 0.43478260869565216
