Training Time: 1847.8773
Testing Time: 8.027594
Accuracy: 0.7282608695652174
Precision: 0.75
Recall: 0.5217391304347826
