Training Time: 2.5719306
Testing Time: 0.1164174
Accuracy: 0.85
Precision: 0.8695652173913043
Recall: 1.0
