Training Time: 0.0832705
Testing Time: 0.0243224
Accuracy: 0.8166666666666667
Precision: 0.8
Recall: 1.0
