Training Time: 55.66623
Testing Time: 0.2824199
Accuracy: 0.8333333333333334
Precision: 0.8333333333333334
Recall: 1.0
