Training Time: 216.1568
Testing Time: 1.2695243
Accuracy: 0.8333333333333334
Precision: 0.7142857142857143
Recall: 1.0
