Training Time: 2.2650971
Testing Time: 4.0172105
Accuracy: 0.954248366013072
Precision: 1.0
Recall: 1.0
