Training Time: 1.2474626
Testing Time: 0.22363181
Accuracy: 0.8918918918918919
Precision: 0.8194444444444444
Recall: 0.8939393939393939
