Training Time: 1698.3043
Testing Time: 15.839841
Accuracy: 0.9756756756756757
Precision: 0.9424460431654677
Recall: 0.9924242424242424
