Training Time: 152330.48
Testing Time: 4.2797203
Accuracy: 0.9648648648648649
Precision: 0.9407407407407408
Recall: 0.9621212121212122
