Training Time: 691.51904
Testing Time: 77.929565
Accuracy: 0.9756756756756757
Precision: 0.9624060150375939
Recall: 0.9696969696969697
