Training Time: 69.531525
Testing Time: 153.75998
Accuracy: 0.9841012329656067
Precision: 0.9964973730297724
Recall: 0.8556390977443609
