Training Time: 1.2448844
Testing Time: 1.6743853
Accuracy: 0.9938351719662557
Precision: 0.9968304278922345
Recall: 0.9458646616541353
