Training Time: 303.70587
Testing Time: 459.50195
Accuracy: 0.9852368591823492
Precision: 0.9880952380952381
Recall: 0.8736842105263158
