Training Time: 1.1355993
Testing Time: 0.530662
Accuracy: 0.66
Precision: 0.6470588235294118
Recall: 0.704
