Training Time: 481.859
Testing Time: 4.850119
Accuracy: 0.708
Precision: 0.7166666666666667
Recall: 0.688
