Training Time: 0.8689195
Testing Time: 0.0716618
Accuracy: 0.7609756097560976
Precision: 0.8780487804878049
Recall: 1.0
