Training Time: 76.36992
Testing Time: 0.22763379
Accuracy: 0.7317073170731707
Precision: 0.8780487804878049
Recall: 1.0
