Training Time: 99653.5
Testing Time: 27.544449
Accuracy: 0.7853658536585366
Precision: 0.8780487804878049
Recall: 1.0
