Training Time: 8135.926
Testing Time: 1.3136902
Accuracy: 0.8461538461538461
Precision: 0.5588235294117647
Recall: 0.7916666666666666
