Training Time: 0.36370108
Testing Time: 0.0221247
Accuracy: 0.45
Precision: 0.3333333333333333
Recall: 0.1
