Training Time: 0.3900428
Testing Time: 0.0265571
Accuracy: 0.65
Precision: 0.7142857142857143
Recall: 0.5
