Training Time: 2.4235811
Testing Time: 0.0303517
Accuracy: 0.7
Precision: 0.8333333333333334
Recall: 0.5
