Training Time: 0.2231487
Testing Time: 0.0045172
Accuracy: 0.45
Precision: 0.3333333333333333
Recall: 0.1
