Training Time: 14.515943
Testing Time: 1.8284312
Accuracy: 0.5714285714285714
Precision: 0.42105263157894735
Recall: 0.27586206896551724
