Training Time: 183.05348
Testing Time: 2.8512018
Accuracy: 0.6038961038961039
Precision: 0.5384615384615384
Recall: 0.2413793103448276
