Training Time: 20.356432
Testing Time: 3.552939
Accuracy: 0.7853658536585366
Precision: 0.8780487804878049
Recall: 1.0
