Training Time: 0.7925504
Testing Time: 0.0724722
Accuracy: 0.7951219512195122
Precision: 0.8780487804878049
Recall: 1.0
