Training Time: 1314.3986
Testing Time: 3.2450004
Accuracy: 0.7902439024390244
Precision: 0.8780487804878049
Recall: 1.0
