Training Time: 65.15358
Testing Time: 6.6430445
Accuracy: 0.7951219512195122
Precision: 0.8780487804878049
Recall: 1.0
