Training Time: 4.094195
Testing Time: 0.45874828
Accuracy: 0.918918918918919
Precision: 0.9112903225806451
Recall: 0.8560606060606061
