Training Time: 1.1356088
Testing Time: 0.0535183
Accuracy: 0.9108108108108108
Precision: 0.8837209302325582
Recall: 0.8636363636363636
