Training Time: 63.612522
Testing Time: 2.8846488
Accuracy: 0.9324324324324325
Precision: 0.8689655172413793
Recall: 0.9545454545454546
