Training Time: 256.91705
Testing Time: 0.8193618
Accuracy: 0.9567567567567568
Precision: 0.9393939393939394
Recall: 0.9393939393939394
