Training Time: 5.3514123
Testing Time: 0.5002827
Accuracy: 0.8536585365853658
Precision: 0.9393939393939394
Recall: 0.93
