Training Time: 3.179168
Testing Time: 0.17083661
Accuracy: 0.6846153846153846
Precision: 0.3508771929824561
Recall: 0.8333333333333334
