Training Time: 523.3799
Testing Time: 8.261021
Accuracy: 0.7792207792207793
Precision: 0.7
Recall: 0.8484848484848485
