Training Time: 0.7290553
Testing Time: 0.166876
Accuracy: 0.7662337662337663
Precision: 0.7142857142857143
Recall: 0.7575757575757576
