Training Time: 7393.6777
Testing Time: 6.686767
Accuracy: 0.8051948051948052
Precision: 0.8
Recall: 0.7272727272727273
