Training Time: 0.3095034
Testing Time: 0.0243831
Accuracy: 0.7317073170731707
Precision: 0.9090909090909091
Recall: 0.8
