Training Time: 0.42855272
Testing Time: 1.511272
Accuracy: 0.9313725490196079
Precision: 1.0
Recall: 1.0
