Training Time: 0.720546
Testing Time: 1.7351923
Accuracy: 0.9444444444444444
Precision: 1.0
Recall: 1.0
