Training Time: 0.81566185
Testing Time: 0.9560275
Accuracy: 0.8758169934640523
Precision: 1.0
Recall: 1.0
