Training Time: 49.945934
Testing Time: 6.4919453
Accuracy: 0.7391304347826086
Precision: 0.8028169014084507
Recall: 0.4956521739130435
