Training Time: 1.279167
Testing Time: 0.096349694
Accuracy: 0.7862318840579711
Precision: 0.7916666666666666
Recall: 0.6608695652173913
