Training Time: 530.5644
Testing Time: 6.2963395
Accuracy: 0.7608695652173914
Precision: 0.855072463768116
Recall: 0.5130434782608696
