Training Time: 26717.822
Testing Time: 2.233247
Accuracy: 0.9
Precision: 0.782608695652174
Recall: 0.9473684210526315
