Training Time: 10.969092
Testing Time: 1.7814572
Accuracy: 0.87
Precision: 0.7307692307692307
Recall: 1.0
