Training Time: 1.1413072
Testing Time: 0.22910781
Accuracy: 0.7553956834532374
Precision: 1.0
Recall: 0.02857142857142857
