Training Time: 3129.6035
Testing Time: 6.6352377
Accuracy: 0.7482014388489209
Precision: 0.0
Recall: 0.0
