Training Time: 124624.14
Testing Time: 1.9547962
Accuracy: 0.7482014388489209
Precision: 0.0
Recall: 0.0
