Training Time: 0.61205196
Testing Time: 0.0474635
Accuracy: 0.5974025974025974
Precision: 0.7142857142857143
Recall: 0.625
