Training Time: 1321.7769
Testing Time: 1.3869126
Accuracy: 0.5714285714285714
Precision: 1.0
Recall: 0.625
