Training Time: 170.78087
Testing Time: 1.2176673
Accuracy: 0.5584415584415584
Precision: 1.0
Recall: 0.5
