Training Time: 3812.3364
Testing Time: 44.350693
Accuracy: 0.7402597402597403
Precision: 0.8333333333333334
Recall: 0.625
