Training Time: 501.0626
Testing Time: 0.2677597
Accuracy: 0.5844155844155844
Precision: 0.8333333333333334
Recall: 0.625
