Training Time: 359.92896
Testing Time: 2.6462474
Accuracy: 0.6233766233766234
Precision: 0.7142857142857143
Recall: 0.625
