Training Time: 0.223342
Testing Time: 0.0136899
Accuracy: 0.48148148148148145
Precision: 0.3333333333333333
Recall: 0.037037037037037035
