Training Time: 0.08368009
Testing Time: 0.0129212
Accuracy: 0.7407407407407407
Precision: 0.8095238095238095
Recall: 0.6296296296296297
