Training Time: 42.703526
Testing Time: 0.0187129
Accuracy: 0.5370370370370371
Precision: 0.5454545454545454
Recall: 0.4444444444444444
