Training Time: 0.59987485
Testing Time: 0.0185211
Accuracy: 0.5555555555555556
Precision: 0.6153846153846154
Recall: 0.2962962962962963
