Training Time: 1.3760493
Testing Time: 0.1386634
Accuracy: 0.9944444444444445
Precision: 0.989010989010989
Recall: 1.0
