Training Time: 19.624437
Testing Time: 0.2931169
Accuracy: 0.4722222222222222
Precision: 0.4752475247524752
Recall: 0.5333333333333333
