Training Time: 0.135572
Testing Time: 0.0808944
Accuracy: 0.8833333333333333
Precision: 0.8095238095238095
Recall: 0.85
