Training Time: 740.1507
Testing Time: 46.119125
Accuracy: 0.7482014388489209
Precision: 0.0
Recall: 0.0
