Training Time: 1.1137993
Testing Time: 0.23792621
Accuracy: 0.7482014388489209
Precision: 0.5
Recall: 0.02857142857142857
