Training Time: 6386.6553
Testing Time: 6.860979
Accuracy: 0.7482014388489209
Precision: 0.0
Recall: 0.0
