Training Time: 1940.813
Testing Time: 62.19294
Accuracy: 0.7482014388489209
Precision: 0.0
Recall: 0.0
