Training Time: 39.062862
Testing Time: 4.713679
Accuracy: 0.7282608695652174
Precision: 0.8125
Recall: 0.45217391304347826
