Training Time: 1.6104872
Testing Time: 0.0835994
Accuracy: 0.7934782608695652
Precision: 0.8020833333333334
Recall: 0.6695652173913044
