Training Time: 2354.5244
Testing Time: 10.497127
Accuracy: 0.7753623188405797
Precision: 0.8045977011494253
Recall: 0.6086956521739131
