Training Time: 191478.14
Testing Time: 53.070194
Accuracy: 0.7789855072463768
Precision: 0.8
Recall: 0.6260869565217392
