Training Time: 38.977287
Testing Time: 2.7693875
Accuracy: 0.7194244604316546
Precision: 0.8301886792452831
Recall: 0.676923076923077
