Training Time: 1.1107845
Testing Time: 0.0877636
Accuracy: 0.91
Precision: 0.7307692307692307
Recall: 1.0
