Training Time: 20.950056
Testing Time: 0.274479
Accuracy: 0.92
Precision: 0.7037037037037037
Recall: 1.0
