Training Time: 0.6311449
Testing Time: 0.14939299
Accuracy: 0.7091503267973857
Precision: 0.5565217391304348
Recall: 0.735632183908046
