Training Time: 0.0324225
Testing Time: 0.0844168
Accuracy: 0.6339869281045751
Precision: 0.49523809523809526
Recall: 0.5977011494252874
