Training Time: 3323.5745
Testing Time: 2.2944949
Accuracy: 0.7483660130718954
Precision: 0.6842105263157895
Recall: 0.7471264367816092
