Training Time: 0.0477575
Testing Time: 0.0258235
Accuracy: 1.0
Precision: 1.0
Recall: 1.0
