Training Time: 86.36548
Testing Time: 0.20064221
Accuracy: 1.0
Precision: 1.0
Recall: 1.0
