Training Time: 5616.1104
Testing Time: 0.23155901
Accuracy: 0.9642857142857143
Precision: 1.0
Recall: 0.9230769230769231
