Training Time: 0.3913173
Testing Time: 0.0650114
Accuracy: 1.0
Precision: 1.0
Recall: 1.0
