Training Time: 0.0337075
Testing Time: 0.0073619
Accuracy: 0.9642857142857143
Precision: 1.0
Recall: 0.9230769230769231
