Training Time: 25.458939
Testing Time: 0.0370722
Accuracy: 1.0
Precision: 1.0
Recall: 1.0
