Training Time: 0.7958603
Testing Time: 0.0817894
Accuracy: 1.0
Precision: 1.0
Recall: 1.0
