Training Time: 0.31583068
Testing Time: 0.0267309
Accuracy: 0.5902439024390244
Precision: 0.8313253012048193
Recall: 0.9583333333333334
