Training Time: 0.93500555
Testing Time: 0.0304849
Accuracy: 0.7170731707317073
Precision: 0.8734177215189873
Recall: 0.9583333333333334
