Training Time: 4.750366
Testing Time: 0.1448201
Accuracy: 0.6585365853658537
Precision: 0.8
Recall: 1.0
