Training Time: 1.9816111
Testing Time: 0.4491989
Accuracy: 0.9809523809523809
Precision: 1.0
Recall: 1.0
