Training Time: 0.18157901
Testing Time: 0.0328648
Accuracy: 0.9619047619047619
Precision: 1.0
Recall: 1.0
