Training Time: 33.301205
Testing Time: 0.468608
Accuracy: 0.9809523809523809
Precision: 1.0
Recall: 1.0
