Training Time: 193.35593
Testing Time: 0.8135387
Accuracy: 0.9714285714285714
Precision: 1.0
Recall: 1.0
