Training Time: 4.3632326
Testing Time: 0.95148927
Accuracy: 0.9714285714285714
Precision: 1.0
Recall: 1.0
