Training Time: 14.476401
Testing Time: 2.2278051
Accuracy: 0.8292682926829268
Precision: 0.93
Recall: 0.93
