Training Time: 188.55406
Testing Time: 3.0155137
Accuracy: 0.824390243902439
Precision: 0.93
Recall: 0.93
