Training Time: 14.195013
Testing Time: 1.6361244
Accuracy: 0.85
Precision: 0.8695652173913043
Recall: 1.0
