Training Time: 9.790668
Testing Time: 2.590532
Accuracy: 0.9166666666666666
Precision: 0.8695652173913043
Recall: 1.0
