Training Time: 0.1030971
Testing Time: 0.0427163
Accuracy: 0.8666666666666667
Precision: 0.75
Recall: 0.9
