Training Time: 22.445938
Testing Time: 2.0039036
Accuracy: 0.9166666666666666
Precision: 0.8695652173913043
Recall: 1.0
