Training Time: 115.46806
Testing Time: 24.388035
Accuracy: 0.9675675675675676
Precision: 0.9411764705882353
Recall: 0.9696969696969697
