Training Time: 1.275623
Testing Time: 0.19399299
Accuracy: 0.9135135135135135
Precision: 0.8424657534246576
Recall: 0.9318181818181818
