Training Time: 5746.367
Testing Time: 30.176159
Accuracy: 0.9594594594594594
Precision: 0.927007299270073
Recall: 0.9621212121212122
