Training Time: 475.45627
Testing Time: 48.490135
Accuracy: 0.9675675675675676
Precision: 0.9411764705882353
Recall: 0.9696969696969697
