Training Time: 3.8099535
Testing Time: 1.0384743
Accuracy: 1.0
Precision: 1.0
Recall: 1.0
