Training Time: 513.55804
Testing Time: 0.5239444
Accuracy: 0.9619047619047619
Precision: 1.0
Recall: 1.0
