Training Time: 11.636582
Testing Time: 1.8089504
Accuracy: 1.0
Precision: 1.0
Recall: 1.0
