Training Time: 8.244383
Testing Time: 2.073966
Accuracy: 0.9
Precision: 0.9090909090909091
Recall: 1.0
