Training Time: 926.6319
Testing Time: 0.5792032
Accuracy: 0.8833333333333333
Precision: 0.7692307692307693
Recall: 1.0
