Training Time: 17596.645
Testing Time: 5.060902
Accuracy: 0.8833333333333333
Precision: 0.8
Recall: 1.0
