Training Time: 21.879276
Testing Time: 1.9503003
Accuracy: 0.9
Precision: 0.9090909090909091
Recall: 1.0
