Training Time: 70.675064
Testing Time: 172.55138
Accuracy: 0.9925373134328358
Precision: 0.9904912836767037
Recall: 0.9398496240601504
