Training Time: 28.480913
Testing Time: 3.456704
Accuracy: 0.564935064935065
Precision: 0.42105263157894735
Recall: 0.27586206896551724
