Training Time: 0.7758989
Testing Time: 0.0782639
Accuracy: 0.6168831168831169
Precision: 0.5294117647058824
Recall: 0.3103448275862069
