Training Time: 342.38712
Testing Time: 3.2379699
Accuracy: 0.6038961038961039
Precision: 0.5833333333333334
Recall: 0.2413793103448276
