Training Time: 1374.4464
Testing Time: 3.4800198
Accuracy: 0.564935064935065
Precision: 0.5333333333333333
Recall: 0.27586206896551724
