Training Time: 89.14496
Testing Time: 6.75619
Accuracy: 0.5714285714285714
Precision: 0.42105263157894735
Recall: 0.27586206896551724
