Training Time: 3969.2646
Testing Time: 75.96884
Accuracy: 0.5714285714285714
Precision: 0.4117647058823529
Recall: 0.2413793103448276
