Training Time: 0.5642261
Testing Time: 0.0106686
Accuracy: 0.8
Precision: 0.8
Recall: 0.8
