Training Time: 80.95851
Testing Time: 0.0956168
Accuracy: 0.75
Precision: 0.7777777777777778
Recall: 0.7
