Training Time: 0.63137937
Testing Time: 0.2293083
Accuracy: 0.96
Precision: 0.9722222222222222
Recall: 0.9459459459459459
