Training Time: 12941.227
Testing Time: 21.858994
Accuracy: 0.9066666666666666
Precision: 0.9166666666666666
Recall: 0.8918918918918919
