Training Time: 1.3407601
Testing Time: 0.42642018
Accuracy: 0.9666666666666667
Precision: 0.9859154929577465
Recall: 0.9459459459459459
