Training Time: 99.46825
Testing Time: 22.55659
Accuracy: 0.9648648648648649
Precision: 0.9280575539568345
Recall: 0.9772727272727273
