Training Time: 1259.5365
Testing Time: 15.985391
Accuracy: 0.9702702702702702
Precision: 0.9416058394160584
Recall: 0.9772727272727273
