Training Time: 0.62422115
Testing Time: 0.1301087
Accuracy: 0.7792207792207793
Precision: 0.7666666666666667
Recall: 0.696969696969697
