Training Time: 3635.7
Testing Time: 4.1189127
Accuracy: 0.7792207792207793
Precision: 0.7352941176470589
Recall: 0.7575757575757576
