Training Time: 709.4885
Testing Time: 16.182281
Accuracy: 0.7272727272727273
Precision: 0.6304347826086957
Recall: 0.8787878787878788
