Training Time: 34.97458
Testing Time: 73.398865
Accuracy: 0.991239454899416
Precision: 0.99836867862969
Recall: 0.9203007518796993
