Training Time: 0.9241413
Testing Time: 0.8696034
Accuracy: 0.994646333549643
Precision: 0.9891640866873065
Recall: 0.9609022556390977
