Training Time: 9.274545
Testing Time: 2.4006312
Accuracy: 1.0
Precision: 1.0
Recall: 1.0
