Training Time: 0.6027366
Testing Time: 0.108758
Accuracy: 0.8571428571428571
Precision: 0.84375
Recall: 0.8181818181818182
