Training Time: 1059.5731
Testing Time: 3.1826332
Accuracy: 0.7662337662337663
Precision: 0.7586206896551724
Recall: 0.6666666666666666
