Training Time: 8183.81
Testing Time: 1.578519
Accuracy: 0.7272727272727273
Precision: 0.6764705882352942
Recall: 0.696969696969697
