Training Time: 194.73265
Testing Time: 5.8819036
Accuracy: 0.6883116883116883
Precision: 0.5918367346938775
Recall: 0.8787878787878788
