Training Time: 115.011925
Testing Time: 3.3868608
Accuracy: 0.7792207792207793
Precision: 0.6818181818181818
Recall: 0.9090909090909091
