Training Time: 1727.6515
Testing Time: 4.2227974
Accuracy: 0.7792207792207793
Precision: 0.7666666666666667
Recall: 0.696969696969697
