Training Time: 58645.508
Testing Time: 2.3383589
Accuracy: 0.7402597402597403
Precision: 0.6857142857142857
Recall: 0.7272727272727273
