Training Time: 352.78104
Testing Time: 12.292123
Accuracy: 0.7532467532467533
Precision: 0.6666666666666666
Recall: 0.8484848484848485
