Training Time: 3749.4
Testing Time: 35.36743
Accuracy: 0.8311688311688312
Precision: 0.8571428571428571
Recall: 0.7272727272727273
