Training Time: 0.1994015
Testing Time: 0.0128424
Accuracy: 0.7833333333333333
Precision: 0.7692307692307693
Recall: 0.5
