Training Time: 5.9748707
Testing Time: 0.098635904
Accuracy: 0.7833333333333333
Precision: 0.6296296296296297
Recall: 0.85
