Training Time: 0.1965758
Testing Time: 0.0637984
Accuracy: 0.9809523809523809
Precision: 1.0
Recall: 1.0
