Training Time: 105.48937
Testing Time: 1.0224366
Accuracy: 1.0
Precision: 1.0
Recall: 1.0
