Training Time: 0.89222807
Testing Time: 0.1920515
Accuracy: 0.8051948051948052
Precision: 1.0
Recall: 0.625
