Training Time: 1005.9957
Testing Time: 2.3403366
Accuracy: 0.5584415584415584
Precision: 1.0
Recall: 0.5
