Training Time: 204.56918
Testing Time: 4.404951
Accuracy: 0.5584415584415584
Precision: 1.0
Recall: 0.5
