Training Time: 0.71260905
Testing Time: 0.1118802
Accuracy: 0.9523809523809523
Precision: 1.0
Recall: 1.0
