Training Time: 1.4554222
Testing Time: 0.21466969
Accuracy: 0.9523809523809523
Precision: 1.0
Recall: 1.0
