Training Time: 0.5624556
Testing Time: 0.0605033
Accuracy: 0.7285223367697594
Precision: 0.5656565656565656
Recall: 0.6086956521739131
