Training Time: 7.6722918
Testing Time: 0.2164205
Accuracy: 0.7766323024054983
Precision: 0.9354838709677419
Recall: 0.31521739130434784
