Training Time: 43.410988
Testing Time: 0.22553991
Accuracy: 0.7800687285223368
Precision: 0.6891891891891891
Recall: 0.5543478260869565
