Training Time: 4.189075
Testing Time: 1.1561702
Accuracy: 1.0
Precision: 1.0
Recall: 1.0
