Training Time: 0.2121568
Testing Time: 0.0576321
Accuracy: 0.9904761904761905
Precision: 1.0
Recall: 1.0
