Training Time: 75.44913
Testing Time: 0.9862291
Accuracy: 1.0
Precision: 1.0
Recall: 1.0
