Training Time: 14.167274
Testing Time: 0.6567403
Accuracy: 0.487012987012987
Precision: 0.9545454545454546
Recall: 1.0
