Training Time: 1023.546
Testing Time: 3.849805
Accuracy: 0.525974025974026
Precision: 0.9545454545454546
Recall: 1.0
