Training Time: 0.0626337
Testing Time: 0.0097143
Accuracy: 0.5925925925925926
Precision: 1.0
Recall: 0.18518518518518517
