Training Time: 0.113144495
Testing Time: 0.0393687
Accuracy: 0.6851851851851852
Precision: 0.6923076923076923
Recall: 0.6666666666666666
