Training Time: 1.965929
Testing Time: 0.0523933
Accuracy: 0.7407407407407407
Precision: 0.9333333333333333
Recall: 0.5185185185185185
