Training Time: 12.645901
Testing Time: 0.0125211
Accuracy: 0.5185185185185185
Precision: 0.5238095238095238
Recall: 0.4074074074074074
