Training Time: 214.29167
Testing Time: 3.0629866
Accuracy: 0.8536585365853658
Precision: 0.9207920792079208
Recall: 0.93
