Training Time: 15.944493
Testing Time: 0.4220177
Accuracy: 0.9666666666666667
Precision: 0.96
Recall: 0.972972972972973
