Training Time: 1.3965496
Testing Time: 0.6418051
Accuracy: 0.98
Precision: 0.9863013698630136
Recall: 0.972972972972973
