Training Time: 144.90746
Testing Time: 4.7569575
Accuracy: 0.7800687285223368
Precision: 0.8860759493670886
Recall: 0.56
