Training Time: 0.07444
Testing Time: 0.0646029
Accuracy: 0.92
Precision: 0.8875
Recall: 0.9594594594594594
