Training Time: 3.4697933
Testing Time: 0.2009408
Accuracy: 0.9333333333333333
Precision: 0.8902439024390244
Recall: 0.9864864864864865
