Training Time: 14.991035
Testing Time: 0.2792046
Accuracy: 0.9466666666666667
Precision: 0.9714285714285714
Recall: 0.918918918918919
