Training Time: 0.2585237
Testing Time: 0.09958369
Accuracy: 0.9266666666666666
Precision: 0.9090909090909091
Recall: 0.9459459459459459
