Training Time: 154.79225
Testing Time: 1.88485
Accuracy: 0.7482014388489209
Precision: 0.8461538461538461
Recall: 0.676923076923077
