Training Time: 1.5343723
Testing Time: 0.106493905
Accuracy: 0.8591065292096219
Precision: 0.8923076923076924
Recall: 0.6304347826086957
