Training Time: 1755.3757
Testing Time: 8.74567
Accuracy: 0.8556701030927835
Precision: 0.9310344827586207
Recall: 0.5869565217391305
