Training Time: 168756.75
Testing Time: 2.3520904
Accuracy: 0.8694158075601375
Precision: 0.921875
Recall: 0.6413043478260869
