Training Time: 0.0837495
Testing Time: 0.0154777
Accuracy: 0.6296296296296297
Precision: 0.7058823529411765
Recall: 0.4444444444444444
