Training Time: 36.138336
Testing Time: 0.192248
Accuracy: 0.6481481481481481
Precision: 0.7222222222222222
Recall: 0.48148148148148145
