Training Time: 3.3525908
Testing Time: 0.3155271
Accuracy: 0.6111111111111112
Precision: 1.0
Recall: 0.2222222222222222
