Training Time: 1.8092873
Testing Time: 0.069103904
Accuracy: 0.697560975609756
Precision: 0.8717948717948718
Recall: 0.9444444444444444
