Training Time: 0.16602689
Testing Time: 0.0648527
Accuracy: 0.546875
Precision: 0.43478260869565216
Recall: 0.38461538461538464
