Training Time: 325.65134
Testing Time: 0.8126993
Accuracy: 0.59375
Precision: 0.5
Recall: 0.11538461538461539
