Training Time: 2581.7102
Testing Time: 22.901514
Accuracy: 0.53125
Precision: 0.4
Recall: 0.3076923076923077
