Training Time: 32.192417
Testing Time: 0.6423186
Accuracy: 0.578125
Precision: 0.45454545454545453
Recall: 0.19230769230769232
