Training Time: 417.70908
Testing Time: 31.755098
Accuracy: 0.5584415584415584
Precision: 1.0
Recall: 0.5
