Training Time: 6225.0894
Testing Time: 5.202987
Accuracy: 0.5584415584415584
Precision: 1.0
Recall: 0.5
