Training Time: 1287.5251
Testing Time: 5.7348175
Accuracy: 0.5584415584415584
Precision: 1.0
Recall: 0.5
