Training Time: 5.6718283
Testing Time: 0.6659627
Accuracy: 1.0
Precision: 1.0
Recall: 1.0
