Training Time: 0.0550921
Testing Time: 0.0335618
Accuracy: 0.85
Precision: 0.8181818181818182
Recall: 0.9
