Training Time: 905.65015
Testing Time: 0.8185099
Accuracy: 0.75
Precision: 0.8571428571428571
Recall: 0.6
