Training Time: 5112.8545
Testing Time: 1.4843599
Accuracy: 0.8
Precision: 0.7142857142857143
Recall: 1.0
