Training Time: 9.313796
Testing Time: 0.5257889
Accuracy: 0.9
Precision: 1.0
Recall: 0.8
