Training Time: 2.7466419
Testing Time: 0.0218753
Accuracy: 0.7
Precision: 1.0
Recall: 0.4
