Training Time: 0.0511781
Testing Time: 0.0217951
Accuracy: 0.65
Precision: 0.6363636363636364
Recall: 0.7
