Training Time: 83.234146
Testing Time: 0.14708179
Accuracy: 0.6
Precision: 0.6
Recall: 0.6
