Training Time: 4284.88
Testing Time: 2.3593757
Accuracy: 0.8
Precision: 0.7142857142857143
Recall: 1.0
