Training Time: 4.618551
Testing Time: 0.0186334
Accuracy: 0.55
Precision: 0.6666666666666666
Recall: 0.2
