Training Time: 246.08191
Testing Time: 48.106945
Accuracy: 0.972972972972973
Precision: 0.9485294117647058
Recall: 0.9772727272727273
