Training Time: 2875.014
Testing Time: 24.01935
Accuracy: 0.972972972972973
Precision: 0.9485294117647058
Recall: 0.9772727272727273
