Training Time: 12731.311
Testing Time: 6.8939524
Accuracy: 0.9513513513513514
Precision: 0.8958333333333334
Recall: 0.9772727272727273
