Training Time: 1316.4276
Testing Time: 83.43674
Accuracy: 0.972972972972973
Precision: 0.9485294117647058
Recall: 0.9772727272727273
