Training Time: 0.0338496
Testing Time: 0.0537302
Accuracy: 0.5722222222222222
Precision: 0.5730337078651685
Recall: 0.5666666666666667
