Training Time: 2.598284
Testing Time: 0.2962014
Accuracy: 0.4722222222222222
Precision: 0.47572815533980584
Recall: 0.5444444444444444
