Training Time: 2.6198325
Testing Time: 0.170244
Accuracy: 0.8666666666666667
Precision: 0.9166666666666666
Recall: 0.9166666666666666
