Training Time: 0.0537255
Testing Time: 0.0174163
Accuracy: 0.7666666666666667
Precision: 0.7333333333333333
Recall: 0.9166666666666666
