Training Time: 68.17646
Testing Time: 0.16101299
Accuracy: 0.8666666666666667
Precision: 0.9166666666666666
Recall: 0.9166666666666666
