Training Time: 335.97833
Testing Time: 0.12895009
Accuracy: 0.8333333333333334
Precision: 0.8461538461538461
Recall: 0.9166666666666666
