Training Time: 5.8106136
Testing Time: 0.2471117
Accuracy: 0.8666666666666667
Precision: 0.9166666666666666
Recall: 0.9166666666666666
