Training Time: 158.27095
Testing Time: 2.060934
Accuracy: 0.8
Precision: 0.7333333333333333
Recall: 0.9166666666666666
