Training Time: 3.5147643
Testing Time: 0.32673112
Accuracy: 0.9
Precision: 0.9166666666666666
Recall: 0.9166666666666666
