Training Time: 6825.2236
Testing Time: 8.274419
Accuracy: 0.8051948051948052
Precision: 0.7647058823529411
Recall: 0.7878787878787878
