Training Time: 64791.26
Testing Time: 117.33879
Accuracy: 0.7532467532467533
Precision: 0.7058823529411765
Recall: 0.7272727272727273
