Training Time: 1191.5272
Testing Time: 31.658594
Accuracy: 0.8051948051948052
Precision: 0.725
Recall: 0.8787878787878788
