Training Time: 0.1386151
Testing Time: 0.0368301
Accuracy: 0.9
Precision: 0.9041095890410958
Recall: 0.8918918918918919
