Training Time: 3.7111702
Testing Time: 0.1993028
Accuracy: 0.8933333333333333
Precision: 0.9142857142857143
Recall: 0.8648648648648649
