Training Time: 16.443521
Testing Time: 0.0255867
Accuracy: 0.9133333333333333
Precision: 0.9420289855072463
Recall: 0.8783783783783784
