Training Time: 528.5364
Testing Time: 19.901098
Accuracy: 0.7482014388489209
Precision: 0.0
Recall: 0.0
