Training Time: 1.0518477
Testing Time: 0.1673127
Accuracy: 0.7553956834532374
Precision: 1.0
Recall: 0.02857142857142857
