Training Time: 34598.664
Testing Time: 67.07054
Accuracy: 0.7482014388489209
Precision: 0.0
Recall: 0.0
