Training Time: 0.0320592
Testing Time: 0.1146037
Accuracy: 0.8431372549019608
Precision: 0.975
Recall: 0.896551724137931
