Training Time: 95.50187
Testing Time: 2.0729766
Accuracy: 0.9411764705882353
Precision: 0.9294117647058824
Recall: 0.9080459770114943
