Training Time: 1.0382451
Testing Time: 2.0557492
Accuracy: 0.9803921568627451
Precision: 1.0
Recall: 1.0
