Training Time: 0.3477697
Testing Time: 0.0945726
Accuracy: 0.5888888888888889
Precision: 0.9
Recall: 0.2
