Training Time: 10.550959
Testing Time: 0.5213508
Accuracy: 0.6777777777777778
Precision: 0.6403508771929824
Recall: 0.8111111111111111
