Training Time: 100.47288
Testing Time: 0.3125838
Accuracy: 0.7611111111111111
Precision: 0.8405797101449275
Recall: 0.6444444444444445
