Training Time: 0.6729441
Testing Time: 0.1022144
Accuracy: 0.6555555555555556
Precision: 0.9117647058823529
Recall: 0.34444444444444444
