Training Time: 48.42142
Testing Time: 130.3867
Accuracy: 0.9377777777777778
Precision: 0.8125
Recall: 0.29714285714285715
