Training Time: 1.0100523
Testing Time: 1.378039
Accuracy: 0.9286666666666666
Precision: 0.6515151515151515
Recall: 0.24571428571428572
