Training Time: 2258.8367
Testing Time: 75.30755
Accuracy: 0.9355555555555556
Precision: 0.4444444444444444
Recall: 0.18181818181818182
