Training Time: 153549.44
Testing Time: 419.03186
Accuracy: 0.94
Precision: 0.8032786885245902
Recall: 0.28
