Training Time: 131.5223
Testing Time: 231.40727
Accuracy: 0.9371111111111111
Precision: 0.5
Recall: 0.045454545454545456
