Training Time: 49.879093
Testing Time: 6.5430274
Accuracy: 0.7391304347826086
Precision: 0.8028169014084507
Recall: 0.4956521739130435
