Training Time: 2605.4668
Testing Time: 11.5849695
Accuracy: 0.7934782608695652
Precision: 0.8085106382978723
Recall: 0.6608695652173913
