Training Time: 133.56776
Testing Time: 12.126418
Accuracy: 0.7427536231884058
Precision: 0.7972972972972973
Recall: 0.5130434782608696
