Training Time: 1671.7332
Testing Time: 18.311947
Accuracy: 0.9333333333333333
Precision: 0.8333333333333334
Recall: 1.0
