Training Time: 19312.326
Testing Time: 5.7059226
Accuracy: 0.9666666666666667
Precision: 0.9523809523809523
Recall: 1.0
