Training Time: 41.466965
Testing Time: 2.2993367
Accuracy: 0.9333333333333333
Precision: 0.8695652173913043
Recall: 1.0
