Training Time: 1.5012563
Testing Time: 0.0771986
Accuracy: 0.9285714285714286
Precision: 0.9230769230769231
Recall: 0.9230769230769231
