Training Time: 40.163143
Testing Time: 0.1678147
Accuracy: 0.9642857142857143
Precision: 0.9285714285714286
Recall: 1.0
