Training Time: 188.27245
Testing Time: 0.9391218
Accuracy: 1.0
Precision: 1.0
Recall: 1.0
