Training Time: 3.0704834
Testing Time: 0.1626716
Accuracy: 0.9642857142857143
Precision: 1.0
Recall: 0.9230769230769231
