Training Time: 0.1545951
Testing Time: 0.0507941
Accuracy: 1.0
Precision: 1.0
Recall: 1.0
