Training Time: 66.26579
Testing Time: 0.4659453
Accuracy: 1.0
Precision: 1.0
Recall: 1.0
