Training Time: 25078.771
Testing Time: 0.80217886
Accuracy: 0.98
Precision: 0.9047619047619048
Recall: 1.0
