Training Time: 2.6971498
Testing Time: 0.2950935
Accuracy: 1.0
Precision: 1.0
Recall: 1.0
