Training Time: 0.78204423
Testing Time: 0.0134402
Accuracy: 0.6
Precision: 0.6666666666666666
Recall: 0.4
