Training Time: 112.401665
Testing Time: 0.5310766
Accuracy: 0.75
Precision: 0.7777777777777778
Recall: 0.7
