Training Time: 1.527997
Testing Time: 1.0635893
Accuracy: 1.0
Precision: 1.0
Recall: 1.0
