Training Time: 181.39796
Testing Time: 0.5375034
Accuracy: 0.98
Precision: 0.9863013698630136
Recall: 0.972972972972973
