Training Time: 0.0872151
Testing Time: 0.0110317
Accuracy: 0.8
Precision: 1.0
Recall: 0.6
