Training Time: 15.446891
Testing Time: 0.0188369
Accuracy: 0.8
Precision: 0.7142857142857143
Recall: 1.0
