Training Time: 153.45755
Testing Time: 0.7153801
Accuracy: 0.59375
Precision: 0.5
Recall: 0.5
