Training Time: 1271.7643
Testing Time: 10.860559
Accuracy: 0.59375
Precision: 0.5
Recall: 0.5384615384615384
