Training Time: 81.866325
Testing Time: 0.0806217
Accuracy: 0.59375
Precision: 0.5
Recall: 0.38461538461538464
