Training Time: 3.1489909
Testing Time: 0.58517337
Accuracy: 0.578125
Precision: 0.42857142857142855
Recall: 0.11538461538461539
