Training Time: 4.4820113
Testing Time: 0.24738249
Accuracy: 0.551948051948052
Precision: 0.9130434782608695
Recall: 1.0
