Training Time: 310.00107
Testing Time: 0.61825174
Accuracy: 0.512987012987013
Precision: 0.9545454545454546
Recall: 1.0
