Training Time: 134241.1
Testing Time: 2.3421192
Accuracy: 0.577922077922078
Precision: 0.9545454545454546
Recall: 1.0
