Training Time: 1177.9019
Testing Time: 57.55984
Accuracy: 0.5974025974025974
Precision: 0.9545454545454546
Recall: 1.0
