Training Time: 0.1600045
Testing Time: 0.021694
Accuracy: 0.95
Precision: 0.8888888888888888
Recall: 0.8421052631578947
