Training Time: 2.464286
Testing Time: 0.2080753
Accuracy: 0.89
Precision: 0.7307692307692307
Recall: 1.0
