Training Time: 0.0418578
Testing Time: 0.1139174
Accuracy: 0.7944444444444444
Precision: 0.7572815533980582
Recall: 0.8666666666666667
