Training Time: 139.58916
Testing Time: 1.7100686
Accuracy: 0.6888888888888889
Precision: 0.6808510638297872
Recall: 0.7111111111111111
