Training Time: 1060.7977
Testing Time: 10.688096
Accuracy: 0.5888888888888889
Precision: 0.6290322580645161
Recall: 0.43333333333333335
