Training Time: 8.630075
Testing Time: 0.13621779
Accuracy: 0.4666666666666667
Precision: 0.4659090909090909
Recall: 0.45555555555555555
