Training Time: 1.2318383
Testing Time: 0.1509926
Accuracy: 0.9216216216216216
Precision: 0.8551724137931035
Recall: 0.9393939393939394
