Training Time: 456.93362
Testing Time: 53.729755
Accuracy: 0.9621621621621622
Precision: 0.9214285714285714
Recall: 0.9772727272727273
