Training Time: 0.8738006
Testing Time: 0.0476175
Accuracy: 0.7609756097560976
Precision: 0.8780487804878049
Recall: 1.0
