Training Time: 1.1942642
Testing Time: 1.9009736
Accuracy: 0.9322222222222222
Precision: 0.6666666666666666
Recall: 0.2057142857142857
