Training Time: 900.6557
Testing Time: 105.46549
Accuracy: 0.9411111111111111
Precision: 0.7402597402597403
Recall: 0.32571428571428573
