Training Time: 4357.285
Testing Time: 304.40024
Accuracy: 0.9382222222222222
Precision: 0.42857142857142855
Recall: 0.13636363636363635
