Training Time: 157197.06
Testing Time: 100.697014
Accuracy: 0.9346666666666666
Precision: 0.9090909090909091
Recall: 0.11428571428571428
