Training Time: 263.5833
Testing Time: 652.58
Accuracy: 0.9402222222222222
Precision: 0.7692307692307693
Recall: 0.2857142857142857
