Training Time: 0.6771134
Testing Time: 1.2199548
Accuracy: 0.8921568627450981
Precision: 1.0
Recall: 1.0
