Training Time: 3.7348506
Testing Time: 0.2084141
Accuracy: 0.75
Precision: 0.7777777777777778
Recall: 0.7
