Training Time: 0.048228
Testing Time: 0.0189587
Accuracy: 0.75
Precision: 0.7777777777777778
Recall: 0.7
