Training Time: 135.48099
Testing Time: 0.1294164
Accuracy: 0.8
Precision: 0.8
Recall: 0.8
