Training Time: 0.67899483
Testing Time: 0.0243435
Accuracy: 0.7266187050359713
Precision: 0.8431372549019608
Recall: 0.6615384615384615
