Training Time: 87457.63
Testing Time: 10.854348
Accuracy: 0.7050359712230215
Precision: 0.8113207547169812
Recall: 0.6615384615384615
