Training Time: 939.00616
Testing Time: 40.397377
Accuracy: 0.7050359712230215
Precision: 0.82
Recall: 0.6307692307692307
