Training Time: 197.76457
Testing Time: 0.0358929
Accuracy: 0.697841726618705
Precision: 0.8035714285714286
Recall: 0.6923076923076923
