Training Time: 2.8366077
Testing Time: 0.0270176
Accuracy: 0.7194244604316546
Precision: 0.8070175438596491
Recall: 0.7076923076923077
