Training Time: 1.2945629
Testing Time: 0.0978711
Accuracy: 0.7536231884057971
Precision: 0.7422680412371134
Recall: 0.6260869565217392
