Training Time: 118.136116
Testing Time: 3.0531504
Accuracy: 0.7355072463768116
Precision: 0.828125
Recall: 0.4608695652173913
