Training Time: 139871.58
Testing Time: 21.605755
Accuracy: 0.7572463768115942
Precision: 0.7553191489361702
Recall: 0.6173913043478261
