Training Time: 28.516998
Testing Time: 2.6111145
Accuracy: 0.7753623188405797
Precision: 0.8271604938271605
Recall: 0.5826086956521739
