Training Time: 4048.0361
Testing Time: 131.19588
Accuracy: 0.7898550724637681
Precision: 0.8131868131868132
Recall: 0.6434782608695652
