Training Time: 386.81442
Testing Time: 0.0781067
Accuracy: 0.7717391304347826
Precision: 0.776595744680851
Recall: 0.6347826086956522
