Training Time: 1.4100356
Testing Time: 4.3106685
Accuracy: 0.9248366013071896
Precision: 0.9876543209876543
Recall: 0.9195402298850575
