Training Time: 0.0374218
Testing Time: 0.24500099
Accuracy: 0.869281045751634
Precision: 0.9021739130434783
Recall: 0.9540229885057471
