Training Time: 2.0548368
Testing Time: 0.0659965
Accuracy: 0.42857142857142855
Precision: 0.9512195121951219
Recall: 0.9285714285714286
