Training Time: 0.4788363
Testing Time: 0.5944233
Accuracy: 0.8300653594771242
Precision: 0.8602150537634409
Recall: 0.9195402298850575
