Training Time: 0.0314971
Testing Time: 0.16450089
Accuracy: 0.8758169934640523
Precision: 0.9139784946236559
Recall: 0.9770114942528736
