Training Time: 13.528328
Testing Time: 0.9636535
Accuracy: 0.8104575163398693
Precision: 0.9186046511627907
Recall: 0.9080459770114943
