Training Time: 0.85173064
Testing Time: 0.8861882
Accuracy: 0.8562091503267973
Precision: 0.8913043478260869
Recall: 0.9425287356321839
