Training Time: 13.533422
Testing Time: 0.3762729
Accuracy: 0.8431372549019608
Precision: 0.9146341463414634
Recall: 0.8620689655172413
