Training Time: 1.0895532
Testing Time: 0.1669998
Accuracy: 0.7482014388489209
Precision: 0.0
Recall: 0.0
