Training Time: 40792.207
Testing Time: 150.06752
Accuracy: 0.7553956834532374
Precision: 1.0
Recall: 0.02857142857142857
