Training Time: 124033.555
Testing Time: 2.1999013
Accuracy: 0.7482014388489209
Precision: 0.0
Recall: 0.0
