Training Time: 1770.9426
Testing Time: 53.494617
Accuracy: 0.7482014388489209
Precision: 0.0
Recall: 0.0
