Training Time: 0.0575343
Testing Time: 0.0583583
Accuracy: 0.5740432612312812
Precision: 0.5020576131687243
Recall: 0.9457364341085271
