Training Time: 0.0256112
Testing Time: 0.11762089
Accuracy: 0.7737104825291181
Precision: 0.6605263157894737
Recall: 0.9728682170542635
