Training Time: 0.0916504
Testing Time: 0.0664395
Accuracy: 0.7537437603993344
Precision: 0.6589595375722543
Recall: 0.8837209302325582
