Training Time: 2.7613475
Testing Time: 0.33582532
Accuracy: 0.95
Precision: 1.0
Recall: 0.9
