Training Time: 0.0567459
Testing Time: 0.034681
Accuracy: 0.8
Precision: 0.8
Recall: 0.8
