Training Time: 82.846596
Testing Time: 0.1752092
Accuracy: 1.0
Precision: 1.0
Recall: 1.0
