Training Time: 4.7445574
Testing Time: 0.4442218
Accuracy: 0.95
Precision: 1.0
Recall: 0.9
