Training Time: 0.0026128
Testing Time: 0.0117852
Accuracy: 0.6622296173044925
Precision: 0.5895765472312704
Recall: 0.7015503875968992
