Training Time: 0.091838
Testing Time: 0.097603105
Accuracy: 0.46755407653910147
Precision: 0.445993031358885
Recall: 0.9922480620155039
