Training Time: 0.47050348
Testing Time: 0.0058027
Accuracy: 0.7637271214642263
Precision: 0.6986301369863014
Recall: 0.7906976744186046
