Training Time: 10.87185
Testing Time: 1.7579443
Accuracy: 0.604
Precision: 0.6857142857142857
Recall: 0.384
