Training Time: 0.67517835
Testing Time: 0.0605643
Accuracy: 0.672
Precision: 0.6524822695035462
Recall: 0.736
