Training Time: 24.303923
Testing Time: 1.6231906
Accuracy: 0.6
Precision: 0.6404494382022472
Recall: 0.456
