Training Time: 867.18976
Testing Time: 27.762012
Accuracy: 0.732
Precision: 0.7301587301587301
Recall: 0.736
