Training Time: 0.1137625
Testing Time: 0.0146313
Accuracy: 0.5625
Precision: 0.42857142857142855
Recall: 0.23076923076923078
