Training Time: 58.517284
Testing Time: 0.0309899
Accuracy: 0.484375
Precision: 0.34782608695652173
Recall: 0.3076923076923077
