Training Time: 4.370649
Testing Time: 0.5740431
Accuracy: 0.7121951219512195
Precision: 0.8780487804878049
Recall: 1.0
