Training Time: 57.654137
Testing Time: 1.4023969
Accuracy: 0.7902439024390244
Precision: 0.8780487804878049
Recall: 1.0
