Training Time: 528.3802
Testing Time: 37.833923
Accuracy: 0.5584415584415584
Precision: 1.0
Recall: 0.5
