Training Time: 0.9317802
Testing Time: 0.2130454
Accuracy: 0.7272727272727273
Precision: 1.0
Recall: 0.5
