Training Time: 1590.8975
Testing Time: 5.6087637
Accuracy: 0.5584415584415584
Precision: 1.0
Recall: 0.5
