Training Time: 2.4798958
Testing Time: 0.884656
Accuracy: 0.4292845257903494
Precision: 0.4292845257903494
Recall: 1.0
