Training Time: 0.14325711
Testing Time: 0.0902092
Accuracy: 0.7670549084858569
Precision: 0.677710843373494
Recall: 0.872093023255814
