Training Time: 0.6749725
Testing Time: 0.1953883
Accuracy: 0.9466666666666667
Precision: 0.9230769230769231
Recall: 0.972972972972973
