Training Time: 0.0775089
Testing Time: 0.0394467
Accuracy: 0.9333333333333333
Precision: 0.8902439024390244
Recall: 0.9864864864864865
