Training Time: 6.559087
Testing Time: 0.16262339
Accuracy: 0.75
Precision: 1.0
Recall: 0.5
