Training Time: 931.31464
Testing Time: 1.0078043
Accuracy: 0.8
Precision: 1.0
Recall: 0.6
