Training Time: 3968.3982
Testing Time: 15.613101
Accuracy: 0.609375
Precision: 0.5217391304347826
Recall: 0.46153846153846156
