Training Time: 30.497658
Testing Time: 0.0980504
Accuracy: 0.578125
Precision: 0.47058823529411764
Recall: 0.3076923076923077
