Training Time: 0.003715
Testing Time: 0.0109723
Accuracy: 0.43261231281198004
Precision: 0.4304857621440536
Recall: 0.9961240310077519
