Training Time: 0.0242002
Testing Time: 0.0576354
Accuracy: 0.5790349417637272
Precision: 0.5051334702258727
Recall: 0.9534883720930233
