Training Time: 0.090542704
Testing Time: 0.0964995
Accuracy: 0.454242928452579
Precision: 0.43944636678200694
Recall: 0.9844961240310077
