Training Time: 0.5263741
Testing Time: 0.082568705
Accuracy: 0.7204658901830283
Precision: 0.6153846153846154
Recall: 0.9302325581395349
