Training Time: 0.0943948
Testing Time: 0.0513661
Accuracy: 0.75
Precision: 0.7777777777777778
Recall: 0.7
