Training Time: 22.278395
Testing Time: 0.075701505
Accuracy: 0.9
Precision: 1.0
Recall: 0.8
