Training Time: 1.5534829
Testing Time: 0.100958094
Accuracy: 0.8
Precision: 1.0
Recall: 0.6
