Training Time: 1.0813491
Testing Time: 0.49211788
Accuracy: 0.9853990914990266
Precision: 0.9570747217806042
Recall: 0.9052631578947369
