Training Time: 201.08533
Testing Time: 10.822825
Accuracy: 0.684
Precision: 0.6716417910447762
Recall: 0.72
