Training Time: 0.1728687
Testing Time: 0.0670204
Accuracy: 1.0
Precision: 1.0
Recall: 1.0
