Training Time: 33.694435
Testing Time: 3.8793938
Accuracy: 0.99
Precision: 0.95
Recall: 1.0
