Training Time: 269.43414
Testing Time: 13.1608515
Accuracy: 0.732
Precision: 0.7636363636363637
Recall: 0.672
