Training Time: 0.9158861
Testing Time: 0.3609701
Accuracy: 0.724
Precision: 0.7592592592592593
Recall: 0.656
