Training Time: 3651.9248
Testing Time: 15.830195
Accuracy: 0.724
Precision: 0.7456140350877193
Recall: 0.68
