Training Time: 1.4660157
Testing Time: 0.1165654
Accuracy: 0.7491408934707904
Precision: 0.6557377049180327
Recall: 0.43478260869565216
