Training Time: 24.209719
Testing Time: 0.6051268
Accuracy: 0.7766323024054983
Precision: 0.8292682926829268
Recall: 0.3695652173913043
