Training Time: 101.10893
Testing Time: 0.2329657
Accuracy: 0.7285223367697594
Precision: 0.5970149253731343
Recall: 0.43478260869565216
