Training Time: 186549.02
Testing Time: 1.1655064
Accuracy: 0.7731958762886598
Precision: 0.7241379310344828
Recall: 0.45652173913043476
