Training Time: 3.9287202
Testing Time: 0.2334367
Accuracy: 0.7560137457044673
Precision: 0.6296296296296297
Recall: 0.5543478260869565
