Training Time: 18.615404
Testing Time: 0.0844928
Accuracy: 0.8571428571428571
Precision: 0.8461538461538461
Recall: 0.8461538461538461
