Training Time: 1.3700831
Testing Time: 0.0248052
Accuracy: 0.7142857142857143
Precision: 0.7272727272727273
Recall: 0.6153846153846154
