Training Time: 37.943756
Testing Time: 1.7614625
Accuracy: 0.8928571428571429
Precision: 0.9166666666666666
Recall: 0.8461538461538461
