Training Time: 0.4294039
Testing Time: 0.068516105
Accuracy: 0.8214285714285714
Precision: 0.9
Recall: 0.6923076923076923
