Training Time: 14.174465
Testing Time: 1.6704571
Accuracy: 0.7137681159420289
Precision: 0.7571428571428571
Recall: 0.4608695652173913
