Training Time: 1.2977941
Testing Time: 0.0684522
Accuracy: 0.7717391304347826
Precision: 0.7653061224489796
Recall: 0.6521739130434783
