Training Time: 911.16364
Testing Time: 1.9104263
Accuracy: 0.7789855072463768
Precision: 0.7872340425531915
Recall: 0.6434782608695652
