Training Time: 0.2124395
Testing Time: 0.0307494
Accuracy: 0.9333333333333333
Precision: 1.0
Recall: 0.9
