Training Time: 102.15213
Testing Time: 0.1156109
Accuracy: 1.0
Precision: 1.0
Recall: 1.0
