Training Time: 1.5504951
Testing Time: 0.1073736
Accuracy: 0.9904761904761905
Precision: 1.0
Recall: 0.9
