Training Time: 551.9229
Testing Time: 5.61342
Accuracy: 0.9
Precision: 0.9166666666666666
Recall: 0.9166666666666666
