Training Time: 159.57742
Testing Time: 5.778028
Accuracy: 0.7482014388489209
Precision: 0.0
Recall: 0.0
