Training Time: 0.8481085
Testing Time: 0.094565295
Accuracy: 0.7482014388489209
Precision: 0.0
Recall: 0.0
