Training Time: 1466.0269
Testing Time: 3.7482326
Accuracy: 0.7482014388489209
Precision: 0.0
Recall: 0.0
