Training Time: 11896.727
Testing Time: 26.51078
Accuracy: 0.7482014388489209
Precision: 0.0
Recall: 0.0
