Training Time: 79319.25
Testing Time: 0.9231515
Accuracy: 0.7482014388489209
Precision: 0.0
Recall: 0.0
