Training Time: 423.52765
Testing Time: 22.096413
Accuracy: 0.7482014388489209
Precision: 0.0
Recall: 0.0
