Training Time: 529.5094
Testing Time: 0.3906438
Accuracy: 0.7482014388489209
Precision: 0.0
Recall: 0.0
