Training Time: 32.91211
Testing Time: 1.4351804
Accuracy: 0.7482014388489209
Precision: 0.0
Recall: 0.0
