Training Time: 116.92487
Testing Time: 12.489996
Accuracy: 0.5584415584415584
Precision: 1.0
Recall: 0.5
