Training Time: 0.7350565
Testing Time: 0.120656304
Accuracy: 0.6883116883116883
Precision: 0.6666666666666666
Recall: 0.5
