Training Time: 400.51508
Testing Time: 10.339391
Accuracy: 0.5584415584415584
Precision: 1.0
Recall: 0.5
