Training Time: 3776.34
Testing Time: 37.201984
Accuracy: 0.7012987012987013
Precision: 1.0
Recall: 0.625
