Training Time: 138763.88
Testing Time: 36.101025
Accuracy: 0.7536231884057971
Precision: 0.7526881720430108
Recall: 0.6086956521739131
