Training Time: 11.268817
Testing Time: 1.1602585
Accuracy: 0.7463768115942029
Precision: 0.7647058823529411
Recall: 0.5652173913043478
