Training Time: 0.0485691
Testing Time: 0.0202528
Accuracy: 0.65
Precision: 0.6363636363636364
Recall: 0.7
