Training Time: 83.41083
Testing Time: 0.1461544
Accuracy: 0.6
Precision: 0.6
Recall: 0.6
