Training Time: 4.6271873
Testing Time: 0.0213087
Accuracy: 0.55
Precision: 0.6666666666666666
Recall: 0.2
