Training Time: 14.439515
Testing Time: 1.4735383
Accuracy: 0.7553956834532374
Precision: 0.8392857142857143
Recall: 0.7230769230769231
