Training Time: 0.7643487
Testing Time: 0.0534965
Accuracy: 0.7266187050359713
Precision: 0.875
Recall: 0.6461538461538462
