Training Time: 1.774541
Testing Time: 3.038921
Accuracy: 0.9876703439325114
Precision: 0.9696969696969697
Recall: 0.9142857142857143
