Training Time: 1917.1344
Testing Time: 176.06883
Accuracy: 0.9918883841661259
Precision: 0.9738058551617874
Recall: 0.9503759398496241
