Training Time: 1041.5881
Testing Time: 135.25539
Accuracy: 0.9915639195327709
Precision: 0.9811616954474097
Recall: 0.9398496240601504
