Training Time: 455.83005
Testing Time: 905.71027
Accuracy: 0.9978909798831928
Precision: 0.9865671641791045
Recall: 0.9939849624060151
