Training Time: 0.1349919
Testing Time: 0.0108023
Accuracy: 0.92
Precision: 0.75
Recall: 0.9473684210526315
