Training Time: 6.9287686
Testing Time: 0.169177
Accuracy: 0.68
Precision: 0.40425531914893614
Recall: 1.0
