Training Time: 2.903066
Testing Time: 0.83754987
Accuracy: 0.6481481481481481
Precision: 0.7857142857142857
Recall: 0.4074074074074074
