Training Time: 91.05856
Testing Time: 0.42313412
Accuracy: 0.6666666666666666
Precision: 0.6956521739130435
Recall: 0.5925925925925926
