Training Time: 8.4267645
Testing Time: 1.2358054
Accuracy: 0.6481481481481481
Precision: 0.7857142857142857
Recall: 0.4074074074074074
