Training Time: 0.036677
Testing Time: 0.27587458
Accuracy: 0.826797385620915
Precision: 0.9148936170212766
Recall: 0.9885057471264368
