Training Time: 104.37053
Testing Time: 1.1696347
Accuracy: 0.7482014388489209
Precision: 0.0
Recall: 0.0
