Training Time: 1076.7761
Testing Time: 4.4503407
Accuracy: 0.7482014388489209
Precision: 0.0
Recall: 0.0
