Training Time: 172023.34
Testing Time: 33.802185
Accuracy: 0.8797250859106529
Precision: 0.9384615384615385
Recall: 0.6630434782608695
