Training Time: 119.37168
Testing Time: 14.659894
Accuracy: 0.8694158075601375
Precision: 0.95
Recall: 0.6195652173913043
