Training Time: 0.0215263
Testing Time: 0.0967521
Accuracy: 0.8519134775374376
Precision: 0.7492625368731564
Recall: 0.9844961240310077
