Training Time: 1.600392
Testing Time: 0.6293509
Accuracy: 0.4292845257903494
Precision: 0.4292845257903494
Recall: 1.0
