Training Time: 0.8938257
Testing Time: 0.0653568
Accuracy: 0.5
Precision: 0.32142857142857145
Recall: 0.3103448275862069
