Training Time: 0.7830732
Testing Time: 0.0478112
Accuracy: 0.5909090909090909
Precision: 0.4444444444444444
Recall: 0.27586206896551724
