Training Time: 2.467783
Testing Time: 0.096322306
Accuracy: 0.5
Precision: 0.3448275862068966
Recall: 0.3448275862068966
