Training Time: 16.517382
Testing Time: 1.5347613
Accuracy: 0.5714285714285714
Precision: 0.3684210526315789
Recall: 0.2413793103448276
