Training Time: 0.8328007
Testing Time: 0.076612495
Accuracy: 0.6298701298701299
Precision: 0.5714285714285714
Recall: 0.27586206896551724
