Training Time: 201.28174
Testing Time: 2.475754
Accuracy: 0.5844155844155844
Precision: 0.4375
Recall: 0.2413793103448276
