Training Time: 930.58185
Testing Time: 4.231477
Accuracy: 0.5584415584415584
Precision: 0.5
Recall: 0.2413793103448276
