Training Time: 4.117086
Testing Time: 0.6479675
Accuracy: 0.8634146341463415
Precision: 0.93
Recall: 0.93
