Training Time: 0.6843551
Testing Time: 0.0487796
Accuracy: 0.8146341463414634
Precision: 0.9393939393939394
Recall: 0.93
