Training Time: 2.2988315
Testing Time: 0.0425771
Accuracy: 0.8390243902439024
Precision: 0.8857142857142857
Recall: 0.93
