Training Time: 2.892032
Testing Time: 0.81190646
Accuracy: 0.6851851851851852
Precision: 0.7083333333333334
Recall: 0.6296296296296297
