Training Time: 84.38594
Testing Time: 0.4821843
Accuracy: 0.7037037037037037
Precision: 0.7037037037037037
Recall: 0.7037037037037037
