Training Time: 660.9002
Testing Time: 5.5020213
Accuracy: 0.5740740740740741
Precision: 0.5714285714285714
Recall: 0.5925925925925926
