Training Time: 1403.0239
Testing Time: 13.994294
Accuracy: 0.9333333333333333
Precision: 0.8333333333333334
Recall: 1.0
