Training Time: 0.8819933
Testing Time: 0.4624789
Accuracy: 0.4292845257903494
Precision: 0.4292845257903494
Recall: 1.0
