Training Time: 5052.088
Testing Time: 130.30586
Accuracy: 0.6688851913477537
Precision: 0.5700712589073634
Recall: 0.9302325581395349
