Training Time: 0.0591372
Testing Time: 0.0362695
Accuracy: 0.7287853577371048
Precision: 0.7230046948356808
Recall: 0.5968992248062015
