Training Time: 0.0192791
Testing Time: 0.0698393
Accuracy: 0.6422628951747088
Precision: 0.5487528344671202
Recall: 0.937984496124031
