Training Time: 241.96437
Testing Time: 16.755157
Accuracy: 0.5584415584415584
Precision: 1.0
Recall: 0.5
