Training Time: 37502.426
Testing Time: 14.76922
Accuracy: 0.6363636363636364
Precision: 0.8333333333333334
Recall: 0.625
