Training Time: 60.166637
Testing Time: 5.4999704
Accuracy: 0.8993333333333333
Precision: 0.3383458646616541
Recall: 0.2571428571428571
