Training Time: 1.5532433
Testing Time: 2.7771797
Accuracy: 0.9896171317326411
Precision: 0.9702660406885759
Recall: 0.9323308270676691
