Training Time: 229598.86
Testing Time: 15.224025
Accuracy: 0.9964308890330954
Precision: 0.9908396946564886
Recall: 0.9759398496240601
