Training Time: 294.16245
Testing Time: 612.8283
Accuracy: 0.9970798182998053
Precision: 0.9821162444113264
Recall: 0.9909774436090225
