Training Time: 11.494077
Testing Time: 4.4512296
Accuracy: 0.996268656716418
Precision: 0.9848942598187311
Recall: 0.9804511278195489
