Training Time: 1.2619697
Testing Time: 0.081902094
Accuracy: 0.9166666666666666
Precision: 0.9090909090909091
Recall: 1.0
