Training Time: 2.7698977
Testing Time: 0.1134184
Accuracy: 0.9
Precision: 0.9090909090909091
Recall: 1.0
