Training Time: 830.6444
Testing Time: 3.0042036
Accuracy: 0.7482014388489209
Precision: 0.0
Recall: 0.0
