Training Time: 4873.079
Testing Time: 21.944212
Accuracy: 0.7482014388489209
Precision: 0.0
Recall: 0.0
