Training Time: 4.1319823
Testing Time: 0.0322966
Accuracy: 0.85
Precision: 0.8888888888888888
Recall: 0.8
