Training Time: 127.33801
Testing Time: 0.21311902
Accuracy: 0.85
Precision: 0.8888888888888888
Recall: 0.8
