Training Time: 0.0337414
Testing Time: 0.0806245
Accuracy: 0.6722222222222223
Precision: 0.6962025316455697
Recall: 0.6111111111111112
