Training Time: 80.8143
Testing Time: 1.2292472
Accuracy: 0.6666666666666666
Precision: 0.631578947368421
Recall: 0.8
