Training Time: 4.9314404
Testing Time: 0.4801213
Accuracy: 0.6222222222222222
Precision: 0.6964285714285714
Recall: 0.43333333333333335
