Training Time: 1.1528661
Testing Time: 2.0409076
Accuracy: 0.9355555555555556
Precision: 0.7627118644067796
Recall: 0.2571428571428571
