Training Time: 899.1956
Testing Time: 106.25309
Accuracy: 0.9435555555555556
Precision: 1.0
Recall: 0.045454545454545456
