Training Time: 4154.606
Testing Time: 149.39146
Accuracy: 0.9355555555555556
Precision: 0.3333333333333333
Recall: 0.09090909090909091
