Training Time: 155028.2
Testing Time: 61.436428
Accuracy: 0.9382222222222222
Precision: 0.9142857142857143
Recall: 0.18285714285714286
