Training Time: 0.7728515
Testing Time: 0.0103665
Accuracy: 0.7
Precision: 1.0
Recall: 0.4
