Training Time: 22.20037
Testing Time: 0.0669018
Accuracy: 0.75
Precision: 0.8571428571428571
Recall: 0.6
