Training Time: 1.4280286
Testing Time: 0.0108103
Accuracy: 0.65
Precision: 0.8
Recall: 0.4
