Training Time: 0.87007695
Testing Time: 0.067258894
Accuracy: 0.5324675324675324
Precision: 0.9545454545454546
Recall: 1.0
