Training Time: 16.227617
Testing Time: 0.2847208
Accuracy: 0.5194805194805194
Precision: 0.9545454545454546
Recall: 1.0
