Training Time: 127849.89
Testing Time: 13.315296
Accuracy: 0.538961038961039
Precision: 0.9545454545454546
Recall: 1.0
