Training Time: 0.65570116
Testing Time: 0.0756998
Accuracy: 0.7142857142857143
Precision: 0.6666666666666666
Recall: 0.5
