Training Time: 1697.9739
Testing Time: 2.4571276
Accuracy: 0.5584415584415584
Precision: 1.0
Recall: 0.5
