Training Time: 66516.266
Testing Time: 11.459287
Accuracy: 0.6493506493506493
Precision: 1.0
Recall: 0.5
