Training Time: 376.14105
Testing Time: 8.386752
Accuracy: 0.5584415584415584
Precision: 1.0
Recall: 0.5
