Training Time: 3789.679
Testing Time: 44.97929
Accuracy: 0.7012987012987013
Precision: 1.0
Recall: 0.5
