Training Time: 1.6402181
Testing Time: 0.4158538
Accuracy: 0.9619047619047619
Precision: 1.0
Recall: 1.0
