Training Time: 32.117767
Testing Time: 0.43428123
Accuracy: 0.9619047619047619
Precision: 1.0
Recall: 1.0
