Training Time: 0.1652071
Testing Time: 0.0710306
Accuracy: 0.515625
Precision: 0.35294117647058826
Recall: 0.23076923076923078
