Training Time: 700.31195
Testing Time: 1.323187
Accuracy: 0.625
Precision: 0.5454545454545454
Recall: 0.46153846153846156
