Training Time: 5824.5005
Testing Time: 27.66092
Accuracy: 0.640625
Precision: 0.5714285714285714
Recall: 0.46153846153846156
