Training Time: 73.36066
Testing Time: 1.7679933
Accuracy: 0.671875
Precision: 0.6
Recall: 0.5769230769230769
