Training Time: 0.66178596
Testing Time: 0.0368294
Accuracy: 0.5844155844155844
Precision: 0.6666666666666666
Recall: 0.3448275862068966
