Training Time: 29.011755
Testing Time: 0.66598964
Accuracy: 0.551948051948052
Precision: 0.6153846153846154
Recall: 0.27586206896551724
