Training Time: 131.10577
Testing Time: 0.29405218
Accuracy: 0.5064935064935064
Precision: 0.34615384615384615
Recall: 0.3103448275862069
