Training Time: 5.238999
Testing Time: 0.2709374
Accuracy: 0.487012987012987
Precision: 0.375
Recall: 0.3103448275862069
