Training Time: 95.11446
Testing Time: 0.5182188
Accuracy: 0.775609756097561
Precision: 0.8780487804878049
Recall: 1.0
