Training Time: 1.4532126
Testing Time: 0.3536231
Accuracy: 1.0
Precision: 1.0
Recall: 1.0
