Training Time: 38.734188
Testing Time: 0.1696888
Accuracy: 1.0
Precision: 1.0
Recall: 1.0
