Training Time: 0.32776198
Testing Time: 0.0360205
Accuracy: 0.5611111111111111
Precision: 0.6037735849056604
Recall: 0.35555555555555557
