Training Time: 70.23713
Testing Time: 0.6485886
Accuracy: 0.5388888888888889
Precision: 0.5555555555555556
Recall: 0.3888888888888889
