Training Time: 0.4512007
Testing Time: 1.5440941
Accuracy: 0.954248366013072
Precision: 1.0
Recall: 0.9770114942528736
