Training Time: 0.0286148
Testing Time: 0.1324025
Accuracy: 0.9117647058823529
Precision: 0.819047619047619
Recall: 0.9885057471264368
