Training Time: 0.79392976
Testing Time: 1.7773622
Accuracy: 0.9705882352941176
Precision: 1.0
Recall: 0.9770114942528736
