Training Time: 12.275505
Testing Time: 0.2197189
Accuracy: 0.9215686274509803
Precision: 0.8631578947368421
Recall: 0.9425287356321839
