Training Time: 0.9591211
Testing Time: 1.1390061
Accuracy: 0.8888888888888888
Precision: 1.0
Recall: 0.9655172413793104
