Training Time: 0.364542
Testing Time: 0.072161905
Accuracy: 0.8153846153846154
Precision: 0.5
Recall: 0.2916666666666667
