Training Time: 9.763068
Testing Time: 0.35266462
Accuracy: 0.7
Precision: 0.36363636363636365
Recall: 0.8333333333333334
