Training Time: 70.400505
Testing Time: 0.260264
Accuracy: 0.5538461538461539
Precision: 0.19642857142857142
Recall: 0.4583333333333333
