Training Time: 4.1914077
Testing Time: 0.3083714
Accuracy: 0.95
Precision: 1.0
Recall: 0.9
