Training Time: 156162.89
Testing Time: 122.36494
Accuracy: 0.9027027027027027
Precision: 0.8529411764705882
Recall: 0.8787878787878788
