Training Time: 70.06481
Testing Time: 7.553895
Accuracy: 0.5584415584415584
Precision: 1.0
Recall: 0.5
