Training Time: 0.6498235
Testing Time: 0.0952482
Accuracy: 0.7142857142857143
Precision: 0.5714285714285714
Recall: 0.5
