Training Time: 1007.6253
Testing Time: 1.6194214
Accuracy: 0.5584415584415584
Precision: 1.0
Recall: 0.5
