Training Time: 213.82906
Testing Time: 7.579968
Accuracy: 0.5584415584415584
Precision: 1.0
Recall: 0.5
