Training Time: 2.2627833
Testing Time: 0.15371071
Accuracy: 0.5111111111111111
Precision: 0.5384615384615384
Recall: 0.15555555555555556
