Training Time: 0.0418899
Testing Time: 0.1850838
Accuracy: 0.75
Precision: 0.7368421052631579
Recall: 0.7777777777777778
