Training Time: 59.143368
Testing Time: 1.1318277
Accuracy: 0.5722222222222222
Precision: 0.5607476635514018
Recall: 0.6666666666666666
