Training Time: 4.007129
Testing Time: 0.7604468
Accuracy: 0.5333333333333333
Precision: 0.625
Recall: 0.16666666666666666
