Training Time: 177.37387
Testing Time: 0.1703685
Accuracy: 0.8
Precision: 0.875
Recall: 0.7
