Training Time: 9.218012
Testing Time: 0.1909212
Accuracy: 0.8
Precision: 1.0
Recall: 0.6
