Training Time: 43.62963
Testing Time: 6.2593656
Accuracy: 0.8384879725085911
Precision: 0.8688524590163934
Recall: 0.5760869565217391
