Training Time: 135.88113
Testing Time: 12.865756
Accuracy: 0.8350515463917526
Precision: 0.8793103448275862
Recall: 0.5543478260869565
