Training Time: 0.0616219
Testing Time: 0.071628
Accuracy: 0.6923076923076923
Precision: 0.30952380952380953
Recall: 0.5416666666666666
