Training Time: 4.1276364
Testing Time: 0.434178
Accuracy: 0.8538461538461538
Precision: 0.5925925925925926
Recall: 0.6666666666666666
