Training Time: 6.486317
Testing Time: 2.0621061
Accuracy: 0.9461538461538461
Precision: 0.84
Recall: 0.875
