Training Time: 1176.9832
Testing Time: 24.196062
Accuracy: 0.9076923076923077
Precision: 0.7142857142857143
Recall: 0.8333333333333334
