Training Time: 15.764737
Testing Time: 2.3180368
Accuracy: 0.636
Precision: 0.660377358490566
Recall: 0.56
