Training Time: 11.471284
Testing Time: 1.9219573
Accuracy: 0.7422680412371134
Precision: 0.7314814814814815
Recall: 0.632
