Training Time: 0.80415875
Testing Time: 0.0336511
Accuracy: 0.7365853658536585
Precision: 0.8780487804878049
Recall: 1.0
