Training Time: 721.1555
Testing Time: 48.060497
Accuracy: 0.775609756097561
Precision: 0.8780487804878049
Recall: 1.0
