Training Time: 245.43639
Testing Time: 0.1107976
Accuracy: 0.7463414634146341
Precision: 0.8780487804878049
Recall: 1.0
