Training Time: 3.732473
Testing Time: 0.0406195
Accuracy: 0.7804878048780488
Precision: 0.8780487804878049
Recall: 1.0
