Training Time: 0.76996535
Testing Time: 0.0421054
Accuracy: 0.8439024390243902
Precision: 0.9393939393939394
Recall: 0.93
