Training Time: 67.43235
Testing Time: 1.7150759
Accuracy: 0.8536585365853658
Precision: 0.9393939393939394
Recall: 0.93
