Training Time: 124407.055
Testing Time: 37.62546
Accuracy: 0.8439024390243902
Precision: 0.9117647058823529
Recall: 0.93
