Training Time: 848.8891
Testing Time: 72.258835
Accuracy: 0.8390243902439024
Precision: 0.93
Recall: 0.93
