Training Time: 2.5085924
Testing Time: 0.0502683
Accuracy: 0.8536585365853658
Precision: 0.93
Recall: 0.93
