Training Time: 38.370377
Testing Time: 0.42638507
Accuracy: 0.5324675324675324
Precision: 1.0
Recall: 0.5
