Training Time: 0.59009844
Testing Time: 0.0509537
Accuracy: 0.5714285714285714
Precision: 0.6666666666666666
Recall: 0.5
