Training Time: 767.7172
Testing Time: 1.0746509
Accuracy: 0.5584415584415584
Precision: 1.0
Recall: 0.5
