Training Time: 0.0663487
Testing Time: 0.0273607
Accuracy: 0.8
Precision: 0.7857142857142857
Recall: 0.9166666666666666
