Training Time: 153.77284
Testing Time: 0.2504774
Accuracy: 0.8666666666666667
Precision: 0.9166666666666666
Recall: 0.9166666666666666
