Training Time: 779.2025
Testing Time: 0.61696035
Accuracy: 0.8333333333333334
Precision: 0.9166666666666666
Recall: 0.9166666666666666
