Training Time: 12.04626
Testing Time: 0.5305561
Accuracy: 0.9
Precision: 1.0
Recall: 0.9166666666666666
