Training Time: 0.36523288
Testing Time: 0.0349575
Accuracy: 0.8857142857142857
Precision: 1.0
Recall: 0.8
