Training Time: 0.20227101
Testing Time: 0.0175958
Accuracy: 0.9619047619047619
Precision: 1.0
Recall: 0.9
