Training Time: 7.8354387
Testing Time: 0.17950751
Accuracy: 0.8952380952380953
Precision: 1.0
Recall: 0.8
