Training Time: 47.031628
Testing Time: 0.054241
Accuracy: 0.9523809523809523
Precision: 1.0
Recall: 1.0
