Training Time: 0.804493
Testing Time: 0.0911084
Accuracy: 0.8952380952380953
Precision: 1.0
Recall: 0.8
