Training Time: 0.6564982
Testing Time: 0.0355001
Accuracy: 0.5324675324675324
Precision: 0.3684210526315789
Recall: 0.2413793103448276
