Training Time: 27.343185
Testing Time: 0.63543326
Accuracy: 0.5584415584415584
Precision: 0.4375
Recall: 0.2413793103448276
