Training Time: 142.3594
Testing Time: 0.6730699
Accuracy: 0.5454545454545454
Precision: 0.36363636363636365
Recall: 0.27586206896551724
