Training Time: 5.2207837
Testing Time: 0.3597768
Accuracy: 0.551948051948052
Precision: 0.3684210526315789
Recall: 0.2413793103448276
