Training Time: 17.674017
Testing Time: 1.8762496
Accuracy: 0.7266187050359713
Precision: 0.7833333333333333
Recall: 0.7230769230769231
