Training Time: 201.95073
Testing Time: 2.0654445
Accuracy: 0.7266187050359713
Precision: 0.8431372549019608
Recall: 0.6615384615384615
