Training Time: 1040.7909
Testing Time: 3.8010814
Accuracy: 0.7410071942446043
Precision: 0.8431372549019608
Recall: 0.6615384615384615
