Training Time: 1.5723052
Testing Time: 3.1762502
Accuracy: 0.9967553536664504
Precision: 1.0
Recall: 0.9699248120300752
