Training Time: 3194.2341
Testing Time: 325.79785
Accuracy: 0.9941596365996106
Precision: 0.9921752738654147
Recall: 0.9533834586466166
