Training Time: 6627.349
Testing Time: 193.718
Accuracy: 0.994646333549643
Precision: 0.9744744744744744
Recall: 0.9759398496240601
