Training Time: 1911.8234
Testing Time: 2501.4863
Accuracy: 0.9974042829331603
Precision: 0.9909228441754917
Recall: 0.9849624060150376
