Training Time: 27.173403
Testing Time: 0.81467396
Accuracy: 0.8048780487804879
Precision: 0.9207920792079208
Recall: 0.93
