Training Time: 5.344751
Testing Time: 0.2132255
Accuracy: 0.8097560975609757
Precision: 0.93
Recall: 0.93
