Training Time: 4.343638
Testing Time: 0.7882754
Accuracy: 0.85
Precision: 0.6785714285714286
Recall: 1.0
