Training Time: 74.84867
Testing Time: 0.5272091
Accuracy: 0.88
Precision: 0.7307692307692307
Recall: 1.0
