Training Time: 26762.088
Testing Time: 2.3113384
Accuracy: 0.9
Precision: 0.782608695652174
Recall: 0.9473684210526315
