Training Time: 7.1581283
Testing Time: 0.31979162
Accuracy: 0.92
Precision: 0.7916666666666666
Recall: 1.0
