Training Time: 1.4326876
Testing Time: 0.091224305
Accuracy: 0.8144329896907216
Precision: 0.8275862068965517
Recall: 0.5217391304347826
