Training Time: 346.83142
Testing Time: 7.3045907
Accuracy: 0.8487972508591065
Precision: 0.9444444444444444
Recall: 0.5543478260869565
