Training Time: 82.778854
Testing Time: 10.735939
Accuracy: 0.865979381443299
Precision: 0.9344262295081968
Recall: 0.6195652173913043
