Training Time: 3.3847477
Testing Time: 0.0402496
Accuracy: 0.65
Precision: 0.5909090909090909
Recall: 0.65
