Training Time: 1.0256435
Testing Time: 0.0954792
Accuracy: 0.697841726618705
Precision: 0.8269230769230769
Recall: 0.6615384615384615
