Training Time: 72.12514
Testing Time: 0.0174255
Accuracy: 0.6330935251798561
Precision: 0.75
Recall: 0.7846153846153846
