Training Time: 121663.68
Testing Time: 31.6357
Accuracy: 0.7122302158273381
Precision: 0.8269230769230769
Recall: 0.6615384615384615
