Training Time: 2.4426765
Testing Time: 0.090276
Accuracy: 0.697841726618705
Precision: 0.8113207547169812
Recall: 0.6615384615384615
