Training Time: 0.0596894
Testing Time: 0.0223999
Accuracy: 0.5076923076923077
Precision: 0.24358974358974358
Recall: 0.7916666666666666
