Training Time: 49.24455
Testing Time: 0.18490249
Accuracy: 0.5538461538461539
Precision: 0.22580645161290322
Recall: 0.5833333333333334
