Training Time: 7518.8154
Testing Time: 0.277177
Accuracy: 0.5923076923076923
Precision: 0.24561403508771928
Recall: 0.5833333333333334
