Training Time: 0.547033
Testing Time: 0.0145334
Accuracy: 0.6846153846153846
Precision: 0.28205128205128205
Recall: 0.4583333333333333
