Training Time: 11.377329
Testing Time: 0.0615724
Accuracy: 0.7
Precision: 0.8333333333333334
Recall: 0.5
