Training Time: 65.44138
Testing Time: 0.0382191
Accuracy: 0.85
Precision: 0.8888888888888888
Recall: 0.8
