Training Time: 0.3427257
Testing Time: 0.0543624
Accuracy: 0.9809523809523809
Precision: 1.0
Recall: 1.0
