Training Time: 0.1882332
Testing Time: 0.0285709
Accuracy: 0.9523809523809523
Precision: 1.0
Recall: 0.8
