Training Time: 7.674336
Testing Time: 0.1770808
Accuracy: 0.9904761904761905
Precision: 1.0
Recall: 1.0
