Training Time: 28590.975
Testing Time: 0.21413888
Accuracy: 0.9619047619047619
Precision: 1.0
Recall: 1.0
