Training Time: 8.490133
Testing Time: 0.0662048
Accuracy: 0.5
Precision: 0.3125
Recall: 0.19230769230769232
