Training Time: 0.1527448
Testing Time: 0.0554491
Accuracy: 0.5
Precision: 0.3333333333333333
Recall: 0.23076923076923078
