Training Time: 1319.8684
Testing Time: 11.17853
Accuracy: 0.59375
Precision: 0.5
Recall: 0.38461538461538464
