Training Time: 83.75367
Testing Time: 0.1451911
Accuracy: 0.515625
Precision: 0.3333333333333333
Recall: 0.19230769230769232
