Training Time: 3.3921146
Testing Time: 0.6276681
Accuracy: 0.578125
Precision: 0.42857142857142855
Recall: 0.11538461538461539
