Training Time: 1.5072317
Testing Time: 0.1104058
Accuracy: 0.8178694158075601
Precision: 0.9148936170212766
Recall: 0.4673913043478261
