Training Time: 357.48502
Testing Time: 7.0594044
Accuracy: 0.8556701030927835
Precision: 0.9629629629629629
Recall: 0.5652173913043478
