Training Time: 1513.7892
Testing Time: 3.4651806
Accuracy: 0.872852233676976
Precision: 0.9104477611940298
Recall: 0.6630434782608695
