Training Time: 14.594647
Testing Time: 3.2512743
Accuracy: 1.0
Precision: 1.0
Recall: 1.0
