Training Time: 0.1789809
Testing Time: 0.0789129
Accuracy: 0.99
Precision: 0.95
Recall: 1.0
