Training Time: 188019.08
Testing Time: 3.9262254
Accuracy: 0.8213058419243986
Precision: 0.8842105263157894
Recall: 0.672
