Training Time: 6.7872634
Testing Time: 0.1148736
Accuracy: 0.8
Precision: 0.7037037037037037
Recall: 0.95
