Training Time: 85.08373
Testing Time: 2.2388914
Accuracy: 0.7482014388489209
Precision: 0.0
Recall: 0.0
