Training Time: 838.6206
Testing Time: 3.2568367
Accuracy: 0.7482014388489209
Precision: 0.0
Recall: 0.0
