Training Time: 0.165509
Testing Time: 0.280126
Accuracy: 0.6187050359712231
Precision: 0.29545454545454547
Recall: 0.37142857142857144
