Training Time: 6895.4126
Testing Time: 33.76286
Accuracy: 0.7482014388489209
Precision: 0.0
Recall: 0.0
