Training Time: 1.522341
Testing Time: 0.93793297
Accuracy: 1.0
Precision: 1.0
Recall: 1.0
