Training Time: 0.07818431
Testing Time: 0.0599489
Accuracy: 0.9533333333333334
Precision: 0.9135802469135802
Recall: 1.0
