Training Time: 13294.947
Testing Time: 31.837387
Accuracy: 0.9266666666666666
Precision: 0.9090909090909091
Recall: 0.9459459459459459
