Training Time: 3.5419326
Testing Time: 1.6862619
Accuracy: 1.0
Precision: 1.0
Recall: 1.0
