Training Time: 0.68760175
Testing Time: 0.0308342
Accuracy: 0.8195121951219512
Precision: 0.9207920792079208
Recall: 0.93
