Training Time: 115.60936
Testing Time: 8.578049
Accuracy: 0.5584415584415584
Precision: 1.0
Recall: 0.5
