Training Time: 1706.8243
Testing Time: 3.1563184
Accuracy: 0.5584415584415584
Precision: 1.0
Recall: 0.5
