Training Time: 16987.514
Testing Time: 65.67419
Accuracy: 0.7532467532467533
Precision: 0.8333333333333334
Recall: 0.625
