Training Time: 379.57245
Testing Time: 4.1604624
Accuracy: 0.6233766233766234
Precision: 1.0
Recall: 0.5
