Training Time: 465.97827
Testing Time: 0.3713014
Accuracy: 0.5974025974025974
Precision: 1.0
Recall: 0.625
