Training Time: 399.80145
Testing Time: 3.1476386
Accuracy: 0.7402597402597403
Precision: 1.0
Recall: 0.625
