Training Time: 0.8800658
Testing Time: 0.88837886
Accuracy: 0.9342222222222222
Precision: 0.7105263157894737
Recall: 0.30857142857142855
