Training Time: 1043.538
Testing Time: 40.042698
Accuracy: 0.9306666666666666
Precision: 0.3333333333333333
Recall: 0.09090909090909091
