Training Time: 35.545296
Testing Time: 1.0681576
Accuracy: 0.6753246753246753
Precision: 0.5769230769230769
Recall: 0.9090909090909091
