Training Time: 0.1737531
Testing Time: 0.0721027
Accuracy: 1.0
Precision: 1.0
Recall: 1.0
