Training Time: 246.66891
Testing Time: 0.9000283
Accuracy: 1.0
Precision: 1.0
Recall: 1.0
