Training Time: 0.2388244
Testing Time: 0.0472713
Accuracy: 0.9333333333333333
Precision: 0.9523809523809523
Recall: 1.0
