Training Time: 6.6106844
Testing Time: 0.1343528
Accuracy: 0.8833333333333333
Precision: 0.8695652173913043
Recall: 1.0
