Training Time: 0.8486541
Testing Time: 0.0535835
Accuracy: 0.7658536585365854
Precision: 0.8780487804878049
Recall: 1.0
