Training Time: 575.94464
Testing Time: 3.1903389
Accuracy: 0.7365853658536585
Precision: 0.8780487804878049
Recall: 1.0
