Training Time: 4.3029647
Testing Time: 0.0852463
Accuracy: 0.5333333333333333
Precision: 0.5681818181818182
Recall: 0.2777777777777778
