Training Time: 0.0511984
Testing Time: 0.2405391
Accuracy: 0.7777777777777778
Precision: 0.8048780487804879
Recall: 0.7333333333333333
