Training Time: 127.33932
Testing Time: 1.5459667
Accuracy: 0.5888888888888889
Precision: 0.5727272727272728
Recall: 0.7
