Training Time: 1196.0334
Testing Time: 13.392498
Accuracy: 0.6111111111111112
Precision: 0.6470588235294118
Recall: 0.4888888888888889
