Training Time: 8.239994
Testing Time: 1.0744759
Accuracy: 0.55
Precision: 0.6285714285714286
Recall: 0.24444444444444444
