Training Time: 70161.42
Testing Time: 4.081481
Accuracy: 0.716
Precision: 0.7014925373134329
Recall: 0.752
