Training Time: 2.3883333
Testing Time: 0.014984401
Accuracy: 0.7
Precision: 0.8333333333333334
Recall: 0.5
