Training Time: 0.0544052
Testing Time: 0.0250867
Accuracy: 0.6738768718801996
Precision: 0.5748792270531401
Recall: 0.9224806201550387
