Training Time: 1.7979443
Testing Time: 0.6346059
Accuracy: 0.43261231281198004
Precision: 0.4307178631051753
Recall: 1.0
