Training Time: 0.0877367
Testing Time: 0.0292346
Accuracy: 0.7537437603993344
Precision: 0.6510989010989011
Recall: 0.9186046511627907
