Training Time: 1.4501064
Testing Time: 0.1067866
Accuracy: 0.7463768115942029
Precision: 0.7227722772277227
Recall: 0.6347826086956522
