Training Time: 441.47202
Testing Time: 6.93109
Accuracy: 0.7065217391304348
Precision: 0.765625
Recall: 0.4260869565217391
