Training Time: 198857.06
Testing Time: 33.10722
Accuracy: 0.7681159420289855
Precision: 0.7931034482758621
Recall: 0.6
