Training Time: 101.27065
Testing Time: 12.6402445
Accuracy: 0.7028985507246377
Precision: 0.726027397260274
Recall: 0.4608695652173913
