Training Time: 22.586596
Testing Time: 0.8256226
Accuracy: 0.7833333333333333
Precision: 0.7037037037037037
Recall: 0.95
