Training Time: 481.2214
Testing Time: 0.91526896
Accuracy: 0.7833333333333333
Precision: 0.6785714285714286
Recall: 0.95
