Training Time: 2777.706
Testing Time: 11.051255
Accuracy: 0.9666666666666667
Precision: 0.9090909090909091
Recall: 1.0
