Training Time: 1.5225312
Testing Time: 0.87084836
Accuracy: 0.9784231018818949
Precision: 0.9716312056737588
Recall: 0.8240601503759398
