Training Time: 217.23288
Testing Time: 14.725023
Accuracy: 0.9784231018818949
Precision: 0.9854014598540146
Recall: 0.8120300751879699
