Training Time: 0.2842387
Testing Time: 0.0218806
Accuracy: 0.45454545454545453
Precision: 0.3103448275862069
Recall: 0.3103448275862069
