Training Time: 0.7337449
Testing Time: 0.0223885
Accuracy: 0.577922077922078
Precision: 0.45
Recall: 0.3103448275862069
