Training Time: 4.1773343
Testing Time: 0.0921996
Accuracy: 0.45454545454545453
Precision: 0.2682926829268293
Recall: 0.3793103448275862
