Training Time: 19.234598
Testing Time: 0.0071291
Accuracy: 0.512987012987013
Precision: 0.39285714285714285
Recall: 0.3793103448275862
