Training Time: 0.1834705
Testing Time: 0.0702888
Accuracy: 0.59375
Precision: 0.5
Recall: 0.3076923076923077
