Training Time: 564.4421
Testing Time: 1.2881507
Accuracy: 0.53125
Precision: 0.35714285714285715
Recall: 0.19230769230769232
