Training Time: 4736.576
Testing Time: 20.098349
Accuracy: 0.5625
Precision: 0.45454545454545453
Recall: 0.38461538461538464
