Training Time: 68.536194
Testing Time: 0.5300395
Accuracy: 0.453125
Precision: 0.32
Recall: 0.3076923076923077
