Training Time: 0.0256765
Testing Time: 0.0413465
Accuracy: 0.7908496732026143
Precision: 0.9852941176470589
Recall: 0.7701149425287356
