Training Time: 4.3660927
Testing Time: 0.0386041
Accuracy: 0.696078431372549
Precision: 0.896551724137931
Recall: 0.5977011494252874
