Training Time: 0.0663247
Testing Time: 0.1021052
Accuracy: 0.7843137254901961
Precision: 0.8631578947368421
Recall: 0.9425287356321839
