Training Time: 7.97425
Testing Time: 1.0376078
Accuracy: 0.538961038961039
Precision: 0.9545454545454546
Recall: 1.0
