Training Time: 109.27236
Testing Time: 1.9274977
Accuracy: 0.5324675324675324
Precision: 0.9545454545454546
Recall: 1.0
