Training Time: 707.7647
Testing Time: 0.2615131
Accuracy: 0.525974025974026
Precision: 0.9534883720930233
Recall: 0.9761904761904762
