Training Time: 4.3020773
Testing Time: 7.1695657
Accuracy: 0.9264444444444444
Precision: 0.8918918918918919
Recall: 0.18857142857142858
