Training Time: 143116.38
Testing Time: 410.72717
Accuracy: 0.9277777777777778
Precision: 0.6666666666666666
Recall: 0.2057142857142857
