Training Time: 11.127691
Testing Time: 32.919197
Accuracy: 0.9286666666666666
Precision: 0.9024390243902439
Recall: 0.21142857142857144
