Training Time: 4.760069
Testing Time: 0.0605627
Accuracy: 1.0
Precision: 1.0
Recall: 1.0
