Training Time: 14.495131
Testing Time: 0.0047505
Accuracy: 1.0
Precision: 1.0
Recall: 1.0
