Training Time: 5349.034
Testing Time: 1.8236178
Accuracy: 0.9642857142857143
Precision: 1.0
Recall: 0.9230769230769231
