Training Time: 5.3931284
Testing Time: 0.48029432
Accuracy: 0.6907216494845361
Precision: 0.5192307692307693
Recall: 0.29347826086956524
