Training Time: 1.3388171
Testing Time: 0.0703998
Accuracy: 0.8006872852233677
Precision: 0.7833333333333333
Recall: 0.5108695652173914
