Training Time: 12.264572
Testing Time: 2.1993377
Accuracy: 0.7250859106529209
Precision: 0.5526315789473685
Recall: 0.6847826086956522
