Training Time: 153.49962
Testing Time: 0.2572265
Accuracy: 0.8666666666666667
Precision: 0.9166666666666666
Recall: 0.9166666666666666
