Training Time: 0.0955815
Testing Time: 0.114186704
Accuracy: 0.632279534109817
Precision: 0.5392781316348195
Recall: 0.9844961240310077
