Training Time: 0.025381
Testing Time: 0.13809341
Accuracy: 0.7487520798668885
Precision: 0.6354430379746835
Recall: 0.9728682170542635
