Training Time: 2.805708
Testing Time: 0.9106078
Accuracy: 0.43594009983361065
Precision: 0.4321608040201005
Recall: 1.0
