Training Time: 18.460348
Testing Time: 0.4401033
Accuracy: 0.7870216306156406
Precision: 0.6701570680628273
Recall: 0.9922480620155039
