Training Time: 1015.9916
Testing Time: 1.8876876
Accuracy: 0.5584415584415584
Precision: 1.0
Recall: 0.5
