Training Time: 8950.406
Testing Time: 35.66479
Accuracy: 0.6103896103896104
Precision: 0.8333333333333334
Recall: 0.625
