Training Time: 0.0953557
Testing Time: 0.0231425
Accuracy: 0.5925925925925926
Precision: 0.5757575757575758
Recall: 0.7037037037037037
