Training Time: 46.033344
Testing Time: 4.4217954
Accuracy: 0.6906474820143885
Precision: 0.8235294117647058
Recall: 0.6461538461538462
