Training Time: 0.2105586
Testing Time: 0.0588921
Accuracy: 1.0
Precision: 1.0
Recall: 1.0
