Training Time: 49.013554
Testing Time: 0.89437497
Accuracy: 1.0
Precision: 1.0
Recall: 1.0
