Training Time: 294.6587
Testing Time: 0.2569664
Accuracy: 0.9904761904761905
Precision: 1.0
Recall: 1.0
