Training Time: 7.0151687
Testing Time: 1.118243
Accuracy: 1.0
Precision: 1.0
Recall: 1.0
