Training Time: 1.4368428
Testing Time: 0.0221669
Accuracy: 0.65
Precision: 1.0
Recall: 0.3
