Training Time: 0.0528869
Testing Time: 0.0204524
Accuracy: 0.6
Precision: 1.0
Recall: 0.2
