Training Time: 39.263237
Testing Time: 0.093064
Accuracy: 0.9
Precision: 1.0
Recall: 0.8
