Training Time: 2.515345
Testing Time: 0.0163115
Accuracy: 0.6
Precision: 0.75
Recall: 0.3
