Training Time: 0.0994679
Testing Time: 0.0479088
Accuracy: 0.7
Precision: 0.8333333333333334
Recall: 0.5
