Training Time: 132157.61
Testing Time: 2.8063285
Accuracy: 0.5584415584415584
Precision: 0.9545454545454546
Recall: 1.0
