Training Time: 73252.01
Testing Time: 8.685183
Accuracy: 0.724
Precision: 0.6818181818181818
Recall: 0.84
