Training Time: 0.7606483
Testing Time: 0.0109096
Accuracy: 0.7
Precision: 1.0
Recall: 0.4
