Training Time: 0.0409663
Testing Time: 0.008723
Accuracy: 0.85
Precision: 0.8888888888888888
Recall: 0.8
