Training Time: 22.111687
Testing Time: 0.070145905
Accuracy: 0.75
Precision: 0.8571428571428571
Recall: 0.6
