Training Time: 122.523865
Testing Time: 1.503866
Accuracy: 0.75
Precision: 0.7777777777777778
Recall: 0.7
