Training Time: 1.3539842
Testing Time: 0.0109857
Accuracy: 0.65
Precision: 0.8
Recall: 0.4
