Training Time: 8.809031
Testing Time: 0.77401584
Accuracy: 0.5584415584415584
Precision: 0.4925373134328358
Recall: 1.0
