Training Time: 137.84508
Testing Time: 1.1438469
Accuracy: 0.7272727272727273
Precision: 0.7
Recall: 0.6363636363636364
