Training Time: 1216.2252
Testing Time: 0.2467348
Accuracy: 0.6623376623376623
Precision: 0.6
Recall: 0.6363636363636364
