Training Time: 13.390897
Testing Time: 2.4658995
Accuracy: 1.0
Precision: 1.0
Recall: 1.0
