Training Time: 0.1643689
Testing Time: 0.0598458
Accuracy: 1.0
Precision: 1.0
Recall: 1.0
