Training Time: 216.51341
Testing Time: 0.9091758
Accuracy: 1.0
Precision: 1.0
Recall: 1.0
