Training Time: 1.1011962
Testing Time: 0.1947168
Accuracy: 0.7410071942446043
Precision: 0.0
Recall: 0.0
