Training Time: 4.6611023
Testing Time: 1.2387956
Accuracy: 0.9461538461538461
Precision: 0.8148148148148148
Recall: 0.9166666666666666
