Training Time: 846.92365
Testing Time: 16.617748
Accuracy: 0.8615384615384616
Precision: 0.5882352941176471
Recall: 0.8333333333333334
