Training Time: 1.6936806
Testing Time: 0.0956309
Accuracy: 0.487012987012987
Precision: 0.9333333333333333
Recall: 1.0
