Training Time: 25.046686
Testing Time: 0.5172578
Accuracy: 0.487012987012987
Precision: 0.9130434782608695
Recall: 1.0
