Training Time: 122.78172
Testing Time: 0.2528404
Accuracy: 0.45454545454545453
Precision: 0.9534883720930233
Recall: 0.9761904761904762
