Training Time: 0.0241036
Testing Time: 0.1046423
Accuracy: 0.7287853577371048
Precision: 0.6178660049627791
Recall: 0.9651162790697675
