Training Time: 0.94982415
Testing Time: 0.48998109
Accuracy: 0.4292845257903494
Precision: 0.4292845257903494
Recall: 1.0
