Training Time: 6.0623155
Testing Time: 1.0588167
Accuracy: 0.7021630615640599
Precision: 0.5920745920745921
Recall: 0.9844961240310077
