Training Time: 0.0543898
Testing Time: 0.0260131
Accuracy: 0.7071547420965059
Precision: 0.6846846846846847
Recall: 0.5891472868217055
