Training Time: 1.2319343
Testing Time: 10.052119
Accuracy: 0.6871880199667221
Precision: 0.5795454545454546
Recall: 0.9883720930232558
