Training Time: 5.4310803
Testing Time: 0.11246809
Accuracy: 0.6189683860232945
Precision: 0.5305263157894737
Recall: 0.9767441860465116
