Training Time: 0.0200566
Testing Time: 0.0752931
Accuracy: 0.5424292845257903
Precision: 0.4838095238095238
Recall: 0.9844961240310077
