Training Time: 0.8644591
Testing Time: 0.070938095
Accuracy: 0.7902439024390244
Precision: 0.8780487804878049
Recall: 1.0
