Training Time: 1079.3602
Testing Time: 2.6996698
Accuracy: 0.7804878048780488
Precision: 0.8780487804878049
Recall: 1.0
