Training Time: 106.52369
Testing Time: 2.3800607
Accuracy: 0.8
Precision: 0.8780487804878049
Recall: 1.0
