Training Time: 0.0342812
Testing Time: 0.0471132
Accuracy: 0.6388888888888888
Precision: 0.6262626262626263
Recall: 0.6888888888888889
