Training Time: 20.519344
Testing Time: 0.71479756
Accuracy: 0.5777777777777777
Precision: 0.625
Recall: 0.3888888888888889
