Training Time: 158.90057
Testing Time: 5.8462462
Accuracy: 0.7482014388489209
Precision: 0.0
Recall: 0.0
