Training Time: 0.8524731
Testing Time: 0.1072752
Accuracy: 0.7482014388489209
Precision: 0.0
Recall: 0.0
