Training Time: 1464.5979
Testing Time: 3.7984202
Accuracy: 0.7482014388489209
Precision: 0.0
Recall: 0.0
