Training Time: 79386.984
Testing Time: 0.9243335
Accuracy: 0.7482014388489209
Precision: 0.0
Recall: 0.0
