Training Time: 422.08514
Testing Time: 21.44862
Accuracy: 0.7482014388489209
Precision: 0.0
Recall: 0.0
