Training Time: 3832.7063
Testing Time: 61.78514
Accuracy: 0.7553956834532374
Precision: 1.0
Recall: 0.02857142857142857
