Training Time: 529.41785
Testing Time: 0.3938165
Accuracy: 0.7482014388489209
Precision: 0.0
Recall: 0.0
