Training Time: 32.456486
Testing Time: 1.4535459
Accuracy: 0.7482014388489209
Precision: 0.0
Recall: 0.0
