Training Time: 620.8204
Testing Time: 0.891053
Accuracy: 0.609375
Precision: 0.5263157894736842
Recall: 0.38461538461538464
