Training Time: 4589.807
Testing Time: 2.266408
Accuracy: 0.515625
Precision: 0.4
Recall: 0.38461538461538464
