Training Time: 19.201418
Testing Time: 0.7671201
Accuracy: 0.5584415584415584
Precision: 0.49056603773584906
Recall: 0.7878787878787878
