Training Time: 389.07092
Testing Time: 0.9466316
Accuracy: 0.7272727272727273
Precision: 0.6578947368421053
Recall: 0.7575757575757576
