Training Time: 2924.157
Testing Time: 0.5883099
Accuracy: 0.5844155844155844
Precision: 0.5172413793103449
Recall: 0.45454545454545453
