Training Time: 46.911907
Testing Time: 2.9703872
Accuracy: 0.6103896103896104
Precision: 0.5294117647058824
Recall: 0.8181818181818182
