Training Time: 1.3150667
Testing Time: 0.49656498
Accuracy: 0.6333333333333333
Precision: 0.7142857142857143
Recall: 0.4444444444444444
