Training Time: 2.4107683
Testing Time: 0.067127
Accuracy: 0.5166666666666667
Precision: 0.5384615384615384
Recall: 0.23333333333333334
