Training Time: 19.576551
Testing Time: 0.2211249
Accuracy: 0.6444444444444445
Precision: 0.6382978723404256
Recall: 0.6666666666666666
