Training Time: 1.0898798
Testing Time: 1.7379618
Accuracy: 0.6833333333333333
Precision: 0.6410256410256411
Recall: 0.8333333333333334
