Training Time: 1.3088905
Testing Time: 0.2524309
Accuracy: 0.9714285714285714
Precision: 1.0
Recall: 1.0
