Training Time: 0.1836292
Testing Time: 0.0249057
Accuracy: 0.9428571428571428
Precision: 1.0
Recall: 0.9
