Training Time: 31786.592
Testing Time: 0.7107299
Accuracy: 0.9523809523809523
Precision: 1.0
Recall: 1.0
