Training Time: 98.37456
Testing Time: 17.236027
Accuracy: 0.9714285714285714
Precision: 1.0
Recall: 1.0
