Training Time: 0.082212
Testing Time: 0.0181364
Accuracy: 0.5740740740740741
Precision: 0.5909090909090909
Recall: 0.48148148148148145
