Training Time: 154.61107
Testing Time: 0.0644005
Accuracy: 0.4444444444444444
Precision: 0.42857142857142855
Recall: 0.3333333333333333
