Training Time: 13376.987
Testing Time: 0.5584793
Accuracy: 0.6296296296296297
Precision: 0.6521739130434783
Recall: 0.5555555555555556
