Training Time: 2.919773
Testing Time: 0.36657742
Accuracy: 0.5925925925925926
Precision: 0.6470588235294118
Recall: 0.4074074074074074
