Training Time: 70.9018
Testing Time: 8.944709
Accuracy: 0.6666666666666666
Precision: 0.6363636363636364
Recall: 0.7777777777777778
