Training Time: 0.5491886
Testing Time: 0.0932644
Accuracy: 0.6666666666666666
Precision: 0.7368421052631579
Recall: 0.5185185185185185
