Training Time: 0.4168852
Testing Time: 0.1983599
Accuracy: 0.9933333333333333
Precision: 0.9866666666666667
Recall: 1.0
