Training Time: 0.0629249
Testing Time: 0.063816
Accuracy: 0.9733333333333334
Precision: 0.9605263157894737
Recall: 0.9864864864864865
