Training Time: 43.147556
Testing Time: 0.7001072
Accuracy: 0.9866666666666667
Precision: 1.0
Recall: 0.972972972972973
