Training Time: 12879.833
Testing Time: 0.7275282
Accuracy: 0.9866666666666667
Precision: 0.9864864864864865
Recall: 0.9864864864864865
