Training Time: 0.2120585
Testing Time: 0.10423671
Accuracy: 0.9866666666666667
Precision: 0.9736842105263158
Recall: 1.0
