Training Time: 21.340706
Testing Time: 2.528418
Accuracy: 0.5584415584415584
Precision: 0.4375
Recall: 0.2413793103448276
