Training Time: 0.6861323
Testing Time: 0.0418129
Accuracy: 0.6168831168831169
Precision: 0.5333333333333333
Recall: 0.27586206896551724
