Training Time: 1168.2634
Testing Time: 4.897063
Accuracy: 0.5974025974025974
Precision: 0.5
Recall: 0.2413793103448276
