Training Time: 418.1129
Testing Time: 31.740099
Accuracy: 0.5584415584415584
Precision: 1.0
Recall: 0.5
