Training Time: 0.8241991
Testing Time: 0.1549469
Accuracy: 0.7272727272727273
Precision: 1.0
Recall: 0.625
