Training Time: 6227.236
Testing Time: 5.180788
Accuracy: 0.5584415584415584
Precision: 1.0
Recall: 0.5
