Training Time: 0.0252013
Testing Time: 0.1493285
Accuracy: 0.8452579034941764
Precision: 0.7419354838709677
Recall: 0.9806201550387597
