Training Time: 4365.7173
Testing Time: 1.3135145
Accuracy: 0.8019966722129783
Precision: 0.6853333333333333
Recall: 0.9961240310077519
