Training Time: 0.1752094
Testing Time: 0.1986868
Accuracy: 0.6472545757071547
Precision: 0.5493562231759657
Recall: 0.9922480620155039
