Training Time: 366.7866
Testing Time: 12.83338
Accuracy: 0.7482014388489209
Precision: 0.0
Recall: 0.0
