Training Time: 3826.7593
Testing Time: 65.78351
Accuracy: 0.7482014388489209
Precision: 0.0
Recall: 0.0
