Training Time: 531.4246
Testing Time: 0.2408413
Accuracy: 0.7482014388489209
Precision: 0.0
Recall: 0.0
