Training Time: 31.689243
Testing Time: 1.4124779
Accuracy: 0.7482014388489209
Precision: 0.0
Recall: 0.0
