Training Time: 1.9191504
Testing Time: 1.2379196
Accuracy: 1.0
Precision: 1.0
Recall: 1.0
