Training Time: 45.598244
Testing Time: 0.8353495
Accuracy: 1.0
Precision: 1.0
Recall: 1.0
