Training Time: 4.4984074
Testing Time: 2.2834353
Accuracy: 1.0
Precision: 1.0
Recall: 1.0
