Training Time: 22.983335
Testing Time: 2.3557334
Accuracy: 0.7410071942446043
Precision: 0.8363636363636363
Recall: 0.7076923076923077
