Training Time: 0.6523861
Testing Time: 0.036139
Accuracy: 0.7266187050359713
Precision: 0.8461538461538461
Recall: 0.676923076923077
