Training Time: 58.745728
Testing Time: 5.5517235
Accuracy: 0.7338129496402878
Precision: 0.8181818181818182
Recall: 0.6923076923076923
