Training Time: 13.326421
Testing Time: 1.7493181
Accuracy: 0.5324675324675324
Precision: 0.9545454545454546
Recall: 1.0
