Training Time: 176.32008
Testing Time: 2.1619139
Accuracy: 0.577922077922078
Precision: 0.9545454545454546
Recall: 1.0
