Training Time: 1084.814
Testing Time: 4.00774
Accuracy: 0.5324675324675324
Precision: 0.9545454545454546
Recall: 1.0
