Training Time: 0.9870245
Testing Time: 1.7118163
Accuracy: 0.94
Precision: 0.7464788732394366
Recall: 0.3028571428571429
