Training Time: 250.81949
Testing Time: 525.7091
Accuracy: 0.9366666666666666
Precision: 1.0
Recall: 0.045454545454545456
