Training Time: 38.47006
Testing Time: 1.154437
Accuracy: 0.7482014388489209
Precision: 0.0
Recall: 0.0
