Training Time: 432.12772
Testing Time: 2.2185948
Accuracy: 0.7482014388489209
Precision: 0.0
Recall: 0.0
