Training Time: 94580.17
Testing Time: 0.66379935
Accuracy: 0.7482014388489209
Precision: 0.0
Recall: 0.0
