Training Time: 96.22612
Testing Time: 5.7094073
Accuracy: 0.7553956834532374
Precision: 1.0
Recall: 0.02857142857142857
