Training Time: 5.6977096
Testing Time: 0.4476651
Accuracy: 0.6166666666666667
Precision: 0.6779661016949152
Recall: 0.4444444444444444
