Training Time: 174.07962
Testing Time: 1.5939753
Accuracy: 0.6833333333333333
Precision: 0.6853932584269663
Recall: 0.6777777777777778
