Training Time: 1322.056
Testing Time: 12.778025
Accuracy: 0.5888888888888889
Precision: 0.5975609756097561
Recall: 0.5444444444444444
