Training Time: 10.583211
Testing Time: 1.454133
Accuracy: 0.65
Precision: 0.7014925373134329
Recall: 0.5222222222222223
