Training Time: 0.0373314
Testing Time: 0.0096456
Accuracy: 0.8466666666666667
Precision: 0.7865168539325843
Recall: 0.9459459459459459
