Training Time: 5.3970084
Testing Time: 0.0145584
Accuracy: 0.9266666666666666
Precision: 0.9315068493150684
Recall: 0.918918918918919
