Training Time: 0.6774556
Testing Time: 1.1878804
Accuracy: 0.8921568627450981
Precision: 1.0
Recall: 1.0
