Training Time: 0.0313754
Testing Time: 0.1943477
Accuracy: 0.9052287581699346
Precision: 0.9775280898876404
Recall: 1.0
