Training Time: 3329.5293
Testing Time: 3.2851768
Accuracy: 0.7810457516339869
Precision: 0.9866666666666667
Recall: 0.8505747126436781
