Training Time: 1.008632
Testing Time: 1.5799667
Accuracy: 0.9215686274509803
Precision: 1.0
Recall: 1.0
