Training Time: 0.0707197
Testing Time: 0.0741512
Accuracy: 0.9266666666666666
Precision: 0.8795180722891566
Recall: 0.9864864864864865
