Training Time: 46.43483
Testing Time: 0.8414742
Accuracy: 1.0
Precision: 1.0
Recall: 1.0
