Training Time: 114.70284
Testing Time: 9.115916
Accuracy: 0.5584415584415584
Precision: 1.0
Recall: 0.5
