Training Time: 0.7627
Testing Time: 0.1278193
Accuracy: 0.7792207792207793
Precision: 0.8
Recall: 0.5
