Training Time: 1700.1809
Testing Time: 3.2387476
Accuracy: 0.5714285714285714
Precision: 1.0
Recall: 0.5
