Training Time: 16862.209
Testing Time: 31.666935
Accuracy: 0.6883116883116883
Precision: 0.8571428571428571
Recall: 0.75
