Training Time: 385.7343
Testing Time: 10.098726
Accuracy: 0.5584415584415584
Precision: 1.0
Recall: 0.5
