Training Time: 472.84927
Testing Time: 0.3917728
Accuracy: 0.5844155844155844
Precision: 1.0
Recall: 0.625
