Training Time: 320.43958
Testing Time: 3.2990062
Accuracy: 0.7922077922077922
Precision: 0.7142857142857143
Recall: 0.625
