Training Time: 12.458827
Testing Time: 2.4164762
Accuracy: 0.8439024390243902
Precision: 0.93
Recall: 0.93
