Training Time: 799.36237
Testing Time: 4.0736303
Accuracy: 0.848780487804878
Precision: 0.9117647058823529
Recall: 0.93
