Training Time: 38.546272
Testing Time: 4.053094
Accuracy: 0.8585365853658536
Precision: 0.9306930693069307
Recall: 0.94
