Training Time: 2.240709
Testing Time: 0.2031572
Accuracy: 0.8666666666666667
Precision: 0.9166666666666666
Recall: 0.9166666666666666
