Training Time: 0.0462146
Testing Time: 0.0125609
Accuracy: 0.7666666666666667
Precision: 0.9166666666666666
Recall: 0.9166666666666666
