Training Time: 66.94897
Testing Time: 0.1630156
Accuracy: 0.8666666666666667
Precision: 0.9166666666666666
Recall: 0.9166666666666666
