Training Time: 9104.957
Testing Time: 0.7934306
Accuracy: 0.8
Precision: 0.8461538461538461
Recall: 0.9166666666666666
