Training Time: 4.6222
Testing Time: 0.3210616
Accuracy: 0.8666666666666667
Precision: 0.9166666666666666
Recall: 0.9166666666666666
