Training Time: 176.38242
Testing Time: 1.9340538
Accuracy: 0.7333333333333333
Precision: 0.6875
Recall: 0.9166666666666666
