Training Time: 0.5546236
Testing Time: 0.0111362
Accuracy: 0.6159420289855072
Precision: 0.5584415584415584
Recall: 0.3739130434782609
