Training Time: 1.5432583
Testing Time: 0.106497504
Accuracy: 0.7318840579710145
Precision: 0.7303370786516854
Recall: 0.5652173913043478
