Training Time: 7.749044
Testing Time: 0.2080752
Accuracy: 0.6739130434782609
Precision: 0.8048780487804879
Recall: 0.28695652173913044
