Training Time: 47.537094
Testing Time: 0.22137581
Accuracy: 0.6992753623188406
Precision: 0.6777777777777778
Recall: 0.5304347826086957
