Training Time: 2.6036608
Testing Time: 0.0319132
Accuracy: 0.95
Precision: 1.0
Recall: 0.9
