Training Time: 0.15507741
Testing Time: 0.0060375
Accuracy: 0.7
Precision: 1.0
Recall: 0.4
