Training Time: 634.4408
Testing Time: 0.3055175
Accuracy: 0.484375
Precision: 0.36
Recall: 0.34615384615384615
