Training Time: 0.0894486
Testing Time: 0.0055171
Accuracy: 0.55
Precision: 1.0
Recall: 0.1
