Training Time: 0.132006
Testing Time: 0.0316641
Accuracy: 0.7
Precision: 0.8333333333333334
Recall: 0.5
