Training Time: 20.430084
Testing Time: 0.2569487
Accuracy: 0.65
Precision: 1.0
Recall: 0.3
