Training Time: 0.1551224
Testing Time: 0.0070056
Accuracy: 0.6
Precision: 1.0
Recall: 0.2
