Training Time: 150.91927
Testing Time: 3.7460406
Accuracy: 0.8419243986254296
Precision: 0.9791666666666666
Recall: 0.5108695652173914
