Training Time: 30.986229
Testing Time: 4.0562096
Accuracy: 0.8213058419243986
Precision: 0.8571428571428571
Recall: 0.5217391304347826
