Training Time: 334.1092
Testing Time: 17.935238
Accuracy: 0.5584415584415584
Precision: 1.0
Recall: 0.5
