Training Time: 0.8707189
Testing Time: 0.1755367
Accuracy: 0.7012987012987013
Precision: 1.0
Recall: 0.5
