Training Time: 6377.828
Testing Time: 3.3740268
Accuracy: 0.5584415584415584
Precision: 1.0
Recall: 0.5
