Training Time: 911.18414
Testing Time: 7.9427695
Accuracy: 0.5584415584415584
Precision: 1.0
Recall: 0.5
