Training Time: 0.0070881
Testing Time: 0.004212
Accuracy: 0.5041597337770383
Precision: 0.46254681647940077
Recall: 0.9573643410852714
