Training Time: 0.0260987
Testing Time: 0.13451329
Accuracy: 0.7720465890183028
Precision: 0.6753623188405797
Recall: 0.9031007751937985
