Training Time: 0.2940103
Testing Time: 0.27187902
Accuracy: 0.4292845257903494
Precision: 0.4292845257903494
Recall: 1.0
