Training Time: 1.3144524
Testing Time: 0.0502801
Accuracy: 0.8119800332778702
Precision: 0.7019498607242339
Recall: 0.9767441860465116
