Training Time: 4056.1682
Testing Time: 40.64655
Accuracy: 0.7138103161397671
Precision: 0.6119791666666666
Recall: 0.9108527131782945
