Training Time: 0.0102556
Testing Time: 0.0046792
Accuracy: 0.7886855241264559
Precision: 0.7471698113207547
Recall: 0.7674418604651163
