Training Time: 94.38472
Testing Time: 0.373892
Accuracy: 0.9333333333333333
Precision: 0.9090909090909091
Recall: 1.0
