Training Time: 447.53574
Testing Time: 2.3540823
Accuracy: 0.9666666666666667
Precision: 0.9523809523809523
Recall: 1.0
