Training Time: 11.270314
Testing Time: 1.4534235
Accuracy: 0.9
Precision: 0.9090909090909091
Recall: 1.0
