Training Time: 431.44135
Testing Time: 12.372976
Accuracy: 0.9166666666666666
Precision: 0.9090909090909091
Recall: 1.0
