Training Time: 2.3087132
Testing Time: 0.3874464
Accuracy: 0.9333333333333333
Precision: 0.9090909090909091
Recall: 1.0
