Training Time: 1.4145684
Testing Time: 1.4382341
Accuracy: 0.8902222222222222
Precision: 0.8666666666666667
Recall: 0.07428571428571429
