Training Time: 18.157585
Testing Time: 8.186903
Accuracy: 0.8788888888888889
Precision: 0.7142857142857143
Recall: 0.02857142857142857
