Training Time: 123190.28
Testing Time: 7.741327
Accuracy: 0.9282222222222222
Precision: 0.8260869565217391
Recall: 0.10857142857142857
