Training Time: 2.5262043
Testing Time: 3.7075827
Accuracy: 0.8995555555555556
Precision: 0.8421052631578947
Recall: 0.09142857142857143
