Training Time: 8.693061
Testing Time: 0.655621
Accuracy: 0.8666666666666667
Precision: 0.9166666666666666
Recall: 0.9166666666666666
