Training Time: 0.079478495
Testing Time: 0.0388251
Accuracy: 0.7333333333333333
Precision: 0.7857142857142857
Recall: 0.9166666666666666
