Training Time: 264.0493
Testing Time: 0.2986136
Accuracy: 0.8666666666666667
Precision: 0.9166666666666666
Recall: 0.9166666666666666
