Training Time: 1330.6205
Testing Time: 1.2412164
Accuracy: 0.8666666666666667
Precision: 0.9166666666666666
Recall: 0.9166666666666666
