Training Time: 11359.55
Testing Time: 1.1756028
Accuracy: 0.9333333333333333
Precision: 0.9166666666666666
Recall: 0.9166666666666666
