Training Time: 21.428516
Testing Time: 1.1169249
Accuracy: 0.8666666666666667
Precision: 0.9166666666666666
Recall: 0.9166666666666666
