Training Time: 390.4201
Testing Time: 12.887915
Accuracy: 0.7792207792207793
Precision: 0.6818181818181818
Recall: 0.9090909090909091
