Training Time: 0.700471
Testing Time: 0.1373049
Accuracy: 0.8571428571428571
Precision: 0.8666666666666667
Recall: 0.7878787878787878
