Training Time: 5425.2607
Testing Time: 7.2540193
Accuracy: 0.7662337662337663
Precision: 0.7586206896551724
Recall: 0.6666666666666666
