Training Time: 48053.273
Testing Time: 179.84502
Accuracy: 0.7402597402597403
Precision: 0.6857142857142857
Recall: 0.7272727272727273
