Training Time: 1067.0214
Testing Time: 27.089863
Accuracy: 0.7532467532467533
Precision: 0.6590909090909091
Recall: 0.8787878787878788
