Training Time: 42.91468
Testing Time: 0.4540733
Accuracy: 0.5625
Precision: 0.46153846153846156
Recall: 0.46153846153846156
