Training Time: 932.2847
Testing Time: 1.7324067
Accuracy: 0.640625
Precision: 0.5789473684210527
Recall: 0.4230769230769231
