Training Time: 18766.734
Testing Time: 0.9572729
Accuracy: 0.5625
Precision: 0.25
Recall: 0.038461538461538464
