Training Time: 93.222496
Testing Time: 2.3809423
Accuracy: 0.65625
Precision: 0.5714285714285714
Recall: 0.6153846153846154
