Training Time: 167.94553
Testing Time: 0.27157724
Accuracy: 0.59375
Precision: 0.5
Recall: 0.38461538461538464
