Training Time: 24.754383
Testing Time: 5.92735
Accuracy: 0.625
Precision: 0.625
Recall: 0.19230769230769232
