Training Time: 422.90417
Testing Time: 11.172559
Accuracy: 0.7532467532467533
Precision: 0.6590909090909091
Recall: 0.8787878787878788
