Training Time: 0.8026596
Testing Time: 0.1703366
Accuracy: 0.8051948051948052
Precision: 0.7647058823529411
Recall: 0.7878787878787878
