Training Time: 6452.6943
Testing Time: 6.3750215
Accuracy: 0.7792207792207793
Precision: 0.7352941176470589
Recall: 0.7575757575757576
