Training Time: 1226.6956
Testing Time: 33.391373
Accuracy: 0.7272727272727273
Precision: 0.6428571428571429
Recall: 0.8181818181818182
