Training Time: 21.62126
Testing Time: 3.2472274
Accuracy: 0.7560975609756098
Precision: 0.8780487804878049
Recall: 1.0
