Training Time: 0.0970049
Testing Time: 0.0509437
Accuracy: 0.75
Precision: 0.8571428571428571
Recall: 0.6
