Training Time: 0.1982481
Testing Time: 0.0426393
Accuracy: 0.9809523809523809
Precision: 1.0
Recall: 1.0
