Training Time: 75.80348
Testing Time: 1.0738229
Accuracy: 1.0
Precision: 1.0
Recall: 1.0
