Training Time: 442.88986
Testing Time: 0.446261
Accuracy: 0.9904761904761905
Precision: 1.0
Recall: 1.0
