Training Time: 10.812259
Testing Time: 1.6957924
Accuracy: 1.0
Precision: 1.0
Recall: 1.0
