Training Time: 0.0486531
Testing Time: 0.0202732
Accuracy: 0.65
Precision: 0.8
Recall: 0.4
