Training Time: 1.5430315
Testing Time: 0.0379459
Accuracy: 0.55
Precision: 1.0
Recall: 0.1
