Training Time: 109.234146
Testing Time: 0.124508
Accuracy: 0.9
Precision: 0.8333333333333334
Recall: 1.0
