Training Time: 15123.403
Testing Time: 0.26632544
Accuracy: 0.9166666666666666
Precision: 0.9090909090909091
Recall: 1.0
