Training Time: 0.0558618
Testing Time: 0.0297004
Accuracy: 0.85
Precision: 0.8181818181818182
Recall: 0.9
