Training Time: 2.590416
Testing Time: 0.0329596
Accuracy: 0.95
Precision: 1.0
Recall: 0.9
