Training Time: 15.6196375
Testing Time: 0.0203961
Accuracy: 0.8
Precision: 0.7142857142857143
Recall: 1.0
