Training Time: 4214.322
Testing Time: 6.2220855
Accuracy: 0.6
Precision: 0.5833333333333334
Recall: 0.7
