Training Time: 5.7027254
Testing Time: 0.5842221
Accuracy: 0.5324675324675324
Precision: 0.35714285714285715
Recall: 0.3448275862068966
