Training Time: 0.7650501
Testing Time: 0.0519997
Accuracy: 0.538961038961039
Precision: 0.38095238095238093
Recall: 0.27586206896551724
