Training Time: 315.81223
Testing Time: 1.469882
Accuracy: 0.551948051948052
Precision: 0.34782608695652173
Recall: 0.27586206896551724
