Training Time: 119708.06
Testing Time: 1.0435787
Accuracy: 0.5714285714285714
Precision: 0.3684210526315789
Recall: 0.2413793103448276
