Training Time: 14.578568
Testing Time: 1.7402661
Accuracy: 0.5454545454545454
Precision: 0.4074074074074074
Recall: 0.3793103448275862
