Training Time: 720.64795
Testing Time: 40.02124
Accuracy: 0.5714285714285714
Precision: 0.391304347826087
Recall: 0.3103448275862069
