Training Time: 201.07523
Testing Time: 0.0414544
Accuracy: 0.551948051948052
Precision: 0.3888888888888889
Recall: 0.2413793103448276
