Training Time: 2.2697964
Testing Time: 0.0371547
Accuracy: 0.474025974025974
Precision: 0.24324324324324326
Recall: 0.3103448275862069
