Training Time: 0.1245932
Testing Time: 0.0247433
Accuracy: 0.5718954248366013
Precision: 0.6363636363636364
Recall: 0.6436781609195402
