Training Time: 0.0277969
Testing Time: 0.0549437
Accuracy: 0.7026143790849673
Precision: 0.8769230769230769
Recall: 0.6551724137931034
