Training Time: 3.7322483
Testing Time: 0.57105035
Accuracy: 0.7189542483660131
Precision: 0.8494623655913979
Recall: 0.9080459770114943
