Training Time: 3117.2683
Testing Time: 18.148602
Accuracy: 0.7973856209150327
Precision: 0.8947368421052632
Recall: 0.7816091954022989
