Training Time: 0.7956894
Testing Time: 0.6175501
Accuracy: 0.9302222222222222
Precision: 0.5714285714285714
Recall: 0.18181818181818182
