Training Time: 112277.016
Testing Time: 16.172504
Accuracy: 0.9235555555555556
Precision: 0.7592592592592593
Recall: 0.2342857142857143
