Training Time: 19.052769
Testing Time: 49.40296
Accuracy: 0.9257777777777778
Precision: 0.7457627118644068
Recall: 0.25142857142857145
