Training Time: 102.22238
Testing Time: 193.14519
Accuracy: 0.9943218689162882
Precision: 0.9891304347826086
Recall: 0.9578947368421052
