Training Time: 1.3175739
Testing Time: 1.4692575
Accuracy: 0.995295262816353
Precision: 0.996875
Recall: 0.9593984962406015
