Training Time: 1150.3944
Testing Time: 182.78209
Accuracy: 0.9925373134328358
Precision: 0.9783616692426584
Recall: 0.9518796992481203
