Training Time: 2405.0886
Testing Time: 109.661095
Accuracy: 0.9931862426995457
Precision: 0.98145285935085
Recall: 0.9548872180451128
