Training Time: 2.357883
Testing Time: 0.0771427
Accuracy: 0.9428571428571428
Precision: 1.0
Recall: 0.9
