Training Time: 15.649721
Testing Time: 0.0752586
Accuracy: 0.9809523809523809
Precision: 1.0
Recall: 1.0
