Training Time: 0.0357991
Testing Time: 0.0059134
Accuracy: 0.65
Precision: 0.6
Recall: 0.9
