Training Time: 2.3362978
Testing Time: 0.0262825
Accuracy: 0.5
Precision: 0.5
Recall: 0.5
