Training Time: 10.007068
Testing Time: 0.008925
Accuracy: 0.6
Precision: 0.5833333333333334
Recall: 0.7
