Training Time: 4284.314
Testing Time: 0.0784038
Accuracy: 0.45
Precision: 0.45454545454545453
Recall: 0.5
