Training Time: 4.785701
Testing Time: 0.65916556
Accuracy: 0.8555555555555555
Precision: 1.0
Recall: 0.7111111111111111
