Training Time: 144.31357
Testing Time: 1.8782768
Accuracy: 0.8388888888888889
Precision: 0.9420289855072463
Recall: 0.7222222222222222
