Training Time: 1478.8303
Testing Time: 5.096341
Accuracy: 0.5666666666666667
Precision: 0.6071428571428571
Recall: 0.37777777777777777
