Training Time: 1.932957
Testing Time: 0.6760064
Accuracy: 0.9419208306294614
Precision: 0.9323943661971831
Recall: 0.49774436090225566
