Training Time: 220.43227
Testing Time: 13.907437
Accuracy: 0.9609020116807268
Precision: 0.8745583038869258
Recall: 0.7443609022556391
