Training Time: 344.70062
Testing Time: 63.889698
Accuracy: 0.9756756756756757
Precision: 0.9555555555555556
Recall: 0.9772727272727273
