Training Time: 1.4714401
Testing Time: 0.2881439
Accuracy: 0.9162162162162162
Precision: 0.8633093525179856
Recall: 0.9090909090909091
