Training Time: 3618.11
Testing Time: 23.071198
Accuracy: 0.9756756756756757
Precision: 0.9555555555555556
Recall: 0.9772727272727273
