Training Time: 1665.2013
Testing Time: 97.12898
Accuracy: 0.981081081081081
Precision: 0.9562043795620438
Recall: 0.9924242424242424
