Training Time: 0.3054419
Testing Time: 0.0616176
Accuracy: 1.0
Precision: 1.0
Recall: 1.0
