Training Time: 0.0416755
Testing Time: 0.0078276
Accuracy: 0.8928571428571429
Precision: 0.9166666666666666
Recall: 0.8461538461538461
