Training Time: 9.350605
Testing Time: 0.0586403
Accuracy: 0.9642857142857143
Precision: 0.9285714285714286
Recall: 1.0
