Training Time: 3.2768168
Testing Time: 0.07277831
Accuracy: 1.0
Precision: 1.0
Recall: 1.0
