Training Time: 0.0445297
Testing Time: 0.0172595
Accuracy: 0.8
Precision: 0.75
Recall: 0.9
