Training Time: 525.0042
Testing Time: 0.2730505
Accuracy: 0.6
Precision: 0.5714285714285714
Recall: 0.8
