Training Time: 5.176704
Testing Time: 0.1089434
Accuracy: 0.95
Precision: 1.0
Recall: 0.9
