Training Time: 0.12176391
Testing Time: 0.0369969
Accuracy: 0.5166666666666667
Precision: 0.5
Recall: 0.5
