Training Time: 47.89565
Testing Time: 5.468215
Accuracy: 0.7427536231884058
Precision: 0.8333333333333334
Recall: 0.4782608695652174
