Training Time: 1.2771254
Testing Time: 0.0937167
Accuracy: 0.7934782608695652
Precision: 0.8020833333333334
Recall: 0.6695652173913044
