Training Time: 102.172035
Testing Time: 193.23929
Accuracy: 0.9943218689162882
Precision: 0.9891304347826086
Recall: 0.9578947368421052
