Training Time: 1149.0608
Testing Time: 182.44646
Accuracy: 0.9925373134328358
Precision: 0.9783616692426584
Recall: 0.9518796992481203
