Training Time: 446.8636
Testing Time: 757.51483
Accuracy: 0.9977287475665152
Precision: 0.9865470852017937
Recall: 0.9924812030075187
