Training Time: 1876.5978
Testing Time: 2495.2021
Accuracy: 0.9974042829331603
Precision: 0.9909228441754917
Recall: 0.9849624060150376
