Training Time: 429.793
Testing Time: 80.83183
Accuracy: 0.9335555555555556
Precision: 1.0
Recall: 0.045454545454545456
