Training Time: 1620.5697
Testing Time: 125.90707
Accuracy: 0.9275555555555556
Precision: 0.42857142857142855
Recall: 0.13636363636363635
