Training Time: 157718.62
Testing Time: 776.43396
Accuracy: 0.9333333333333333
Precision: 0.8636363636363636
Recall: 0.21714285714285714
