Training Time: 4.162005
Testing Time: 0.0753602
Accuracy: 0.8666666666666667
Precision: 1.0
Recall: 0.9166666666666666
