Training Time: 0.0571578
Testing Time: 0.022661
Accuracy: 0.8666666666666667
Precision: 1.0
Recall: 0.9166666666666666
