Training Time: 147.22197
Testing Time: 0.2379886
Accuracy: 0.8666666666666667
Precision: 0.7857142857142857
Recall: 0.9166666666666666
