Training Time: 707.5895
Testing Time: 3.559202
Accuracy: 0.8333333333333334
Precision: 0.7857142857142857
Recall: 0.9166666666666666
