Training Time: 9873.939
Testing Time: 3.7094524
Accuracy: 0.9
Precision: 0.9166666666666666
Recall: 0.9166666666666666
