Training Time: 19.4197
Testing Time: 4.2491584
Accuracy: 0.9
Precision: 0.9090909090909091
Recall: 1.0
