Training Time: 0.1442803
Testing Time: 0.082361504
Accuracy: 0.85
Precision: 0.7391304347826086
Recall: 0.85
