Training Time: 2116.117
Testing Time: 2.4884255
Accuracy: 0.95
Precision: 0.8695652173913043
Recall: 1.0
