Training Time: 51.726467
Testing Time: 2.3696213
Accuracy: 0.9166666666666666
Precision: 0.8695652173913043
Recall: 1.0
