Training Time: 257.17365
Testing Time: 12.868256
Accuracy: 0.7482014388489209
Precision: 0.0
Recall: 0.0
