Training Time: 0.92117673
Testing Time: 0.1205558
Accuracy: 0.7410071942446043
Precision: 0.0
Recall: 0.0
