Training Time: 616.45636
Testing Time: 31.520365
Accuracy: 0.7482014388489209
Precision: 0.0
Recall: 0.0
