Training Time: 0.0913211
Testing Time: 0.0582583
Accuracy: 0.6666666666666666
Precision: 0.7333333333333333
Recall: 0.9166666666666666
