Training Time: 1625.414
Testing Time: 1.668592
Accuracy: 0.9
Precision: 0.9166666666666666
Recall: 0.9166666666666666
