Training Time: 24.279562
Testing Time: 0.58881724
Accuracy: 0.8666666666666667
Precision: 0.9166666666666666
Recall: 0.9166666666666666
