Training Time: 2.815268
Testing Time: 0.0800953
Accuracy: 0.5555555555555556
Precision: 0.6190476190476191
Recall: 0.28888888888888886
