Training Time: 0.0466123
Testing Time: 0.2136286
Accuracy: 0.7222222222222222
Precision: 0.7272727272727273
Recall: 0.7111111111111111
