Training Time: 82.73181
Testing Time: 1.1368518
Accuracy: 0.6055555555555555
Precision: 0.6301369863013698
Recall: 0.5111111111111111
