Training Time: 740.16364
Testing Time: 31.704361
Accuracy: 0.6277777777777778
Precision: 0.6210526315789474
Recall: 0.6555555555555556
