Training Time: 5.5604877
Testing Time: 0.1882034
Accuracy: 0.5944444444444444
Precision: 0.6888888888888889
Recall: 0.34444444444444444
