Training Time: 1.3207089
Testing Time: 0.2625969
Accuracy: 0.8945945945945946
Precision: 0.8444444444444444
Recall: 0.8636363636363636
