Training Time: 2940.367
Testing Time: 21.112043
Accuracy: 0.9594594594594594
Precision: 0.9148936170212766
Recall: 0.9772727272727273
