Training Time: 15060.3955
Testing Time: 39.62055
Accuracy: 0.9243243243243243
Precision: 0.8561643835616438
Recall: 0.946969696969697
