Training Time: 1124.1691
Testing Time: 88.1791
Accuracy: 0.9621621621621622
Precision: 0.927536231884058
Recall: 0.9696969696969697
