Training Time: 0.1088118
Testing Time: 0.057539
Accuracy: 0.8333333333333334
Precision: 0.782608695652174
Recall: 0.9
