Training Time: 363.58923
Testing Time: 0.8480535
Accuracy: 0.9166666666666666
Precision: 0.8333333333333334
Recall: 1.0
