Training Time: 0.0807768
Testing Time: 0.08410689
Accuracy: 0.5856905158069884
Precision: 0.5089820359281437
Recall: 0.9883720930232558
