Training Time: 0.0249813
Testing Time: 0.1345659
Accuracy: 0.7870216306156406
Precision: 0.6756756756756757
Recall: 0.9689922480620154
