Training Time: 17.889664
Testing Time: 0.40028968
Accuracy: 0.831946755407654
Precision: 0.7236467236467237
Recall: 0.9844961240310077
