Training Time: 0.1488207
Testing Time: 0.2450233
Accuracy: 0.6405990016638935
Precision: 0.5444915254237288
Recall: 0.9961240310077519
