Training Time: 5.715923
Testing Time: 0.4558594
Accuracy: 0.95
Precision: 1.0
Recall: 0.9
