Training Time: 179.53185
Testing Time: 0.2101498
Accuracy: 0.95
Precision: 1.0
Recall: 0.9
