Training Time: 9.380838
Testing Time: 0.5282738
Accuracy: 0.95
Precision: 1.0
Recall: 0.9
