Training Time: 0.0423781
Testing Time: 0.0200255
Accuracy: 0.9
Precision: 0.8333333333333334
Recall: 1.0
