Training Time: 143.58604
Testing Time: 0.1867263
Accuracy: 1.0
Precision: 1.0
Recall: 1.0
