Training Time: 869.89844
Testing Time: 7.939991
Accuracy: 0.85
Precision: 0.8181818181818182
Recall: 0.9
