Training Time: 7.88581
Testing Time: 0.48804748
Accuracy: 0.95
Precision: 1.0
Recall: 0.9
