Training Time: 1.4601045
Testing Time: 0.09769
Accuracy: 0.7457044673539519
Precision: 0.7383177570093458
Recall: 0.632
