Training Time: 3.331555
Testing Time: 0.18575111
Accuracy: 0.8461538461538461
Precision: 0.5555555555555556
Recall: 0.8333333333333334
