Training Time: 1.0447426
Testing Time: 1.3315629
Accuracy: 0.9251111111111111
Precision: 0.7543859649122807
Recall: 0.24571428571428572
