Training Time: 159855.73
Testing Time: 873.85767
Accuracy: 0.9348888888888889
Precision: 0.9090909090909091
Recall: 0.22857142857142856
