Training Time: 0.0236915
Testing Time: 0.101047695
Accuracy: 0.7071547420965059
Precision: 0.5966981132075472
Recall: 0.9806201550387597
