Training Time: 0.3520577
Testing Time: 0.0072191
Accuracy: 0.7354409317803661
Precision: 0.6292428198433421
Recall: 0.9341085271317829
