Training Time: 64350.305
Testing Time: 20.939093
Accuracy: 0.696
Precision: 0.6788321167883211
Recall: 0.744
