Training Time: 8.833873
Testing Time: 0.7701662
Accuracy: 0.5584415584415584
Precision: 0.4925373134328358
Recall: 1.0
