Training Time: 0.4469834
Testing Time: 0.0188884
Accuracy: 0.7272727272727273
Precision: 0.7307692307692307
Recall: 0.5757575757575758
