Training Time: 1215.5803
Testing Time: 0.4473719
Accuracy: 0.6883116883116883
Precision: 0.6153846153846154
Recall: 0.7272727272727273
