Training Time: 531.83936
Testing Time: 17.965012
Accuracy: 0.8051948051948052
Precision: 0.7368421052631579
Recall: 0.8484848484848485
