Training Time: 0.8631216
Testing Time: 0.22272861
Accuracy: 0.7922077922077922
Precision: 0.7931034482758621
Recall: 0.696969696969697
