Training Time: 7445.523
Testing Time: 6.716412
Accuracy: 0.7922077922077922
Precision: 0.7297297297297297
Recall: 0.8181818181818182
