Training Time: 2.0401082
Testing Time: 0.1842753
Accuracy: 0.7804878048780488
Precision: 0.8674698795180723
Recall: 1.0
