Training Time: 0.7607429
Testing Time: 0.0372177
Accuracy: 0.824390243902439
Precision: 0.8780487804878049
Recall: 1.0
