Training Time: 150.72351
Testing Time: 0.7648918
Accuracy: 0.7609756097560976
Precision: 0.8780487804878049
Recall: 1.0
