Training Time: 0.0635777
Testing Time: 0.0369029
Accuracy: 0.8
Precision: 0.8
Recall: 0.8
