Training Time: 2.3465493
Testing Time: 0.258547
Accuracy: 0.95
Precision: 1.0
Recall: 0.9
