Training Time: 17.090807
Testing Time: 0.0330657
Accuracy: 0.75
Precision: 0.6666666666666666
Recall: 1.0
