Training Time: 1.0294038
Testing Time: 0.1956391
Accuracy: 0.9
Precision: 0.8333333333333334
Recall: 1.0
