Training Time: 38.49286
Testing Time: 1.1773542
Accuracy: 0.7482014388489209
Precision: 0.0
Recall: 0.0
