Training Time: 0.823825
Testing Time: 0.0558021
Accuracy: 0.7482014388489209
Precision: 0.5
Recall: 0.02857142857142857
