Training Time: 431.81143
Testing Time: 2.2045257
Accuracy: 0.7482014388489209
Precision: 0.0
Recall: 0.0
