Training Time: 0.7501079
Testing Time: 0.0623547
Accuracy: 0.8292682926829268
Precision: 0.9207920792079208
Recall: 0.93
