Training Time: 117541.414
Testing Time: 4.1912727
Accuracy: 0.8439024390243902
Precision: 0.9393939393939394
Recall: 0.93
