Training Time: 0.0629956
Testing Time: 0.0115847
Accuracy: 0.4666666666666667
Precision: 0.5
Recall: 0.6666666666666666
