Training Time: 5.29335
Testing Time: 0.0611061
Accuracy: 0.5666666666666667
Precision: 0.6923076923076923
Recall: 0.75
