Training Time: 37.14482
Testing Time: 0.2352243
Accuracy: 0.6666666666666666
Precision: 0.9090909090909091
Recall: 0.8333333333333334
