Training Time: 5591.495
Testing Time: 11.479971
Accuracy: 0.772
Precision: 0.7931034482758621
Recall: 0.736
