Training Time: 2.3892753
Testing Time: 0.4593215
Accuracy: 1.0
Precision: 1.0
Recall: 1.0
