Training Time: 0.1476503
Testing Time: 0.073386095
Accuracy: 1.0
Precision: 1.0
Recall: 1.0
