Training Time: 168.33891
Testing Time: 0.0945393
Accuracy: 1.0
Precision: 1.0
Recall: 1.0
