Training Time: 5.673111
Testing Time: 0.78900176
Accuracy: 1.0
Precision: 1.0
Recall: 1.0
