Training Time: 0.1120777
Testing Time: 0.0778039
Accuracy: 0.5823627287853578
Precision: 0.5071574642126789
Recall: 0.9612403100775194
