Training Time: 0.22367299
Testing Time: 0.2657363
Accuracy: 0.7387687188019967
Precision: 0.6240786240786241
Recall: 0.9844961240310077
