Training Time: 381.0317
Testing Time: 9.471147
Accuracy: 0.5714285714285714
Precision: 1.0
Recall: 0.5
