Training Time: 5425.4634
Testing Time: 6.748555
Accuracy: 0.5844155844155844
Precision: 1.0
Recall: 0.5
