Training Time: 0.0324179
Testing Time: 0.2097012
Accuracy: 0.8986928104575164
Precision: 0.9354838709677419
Recall: 1.0
