Training Time: 28.912256
Testing Time: 1.3591001
Accuracy: 0.8888888888888888
Precision: 0.9775280898876404
Recall: 1.0
