Training Time: 3390.6284
Testing Time: 2.2169664
Accuracy: 0.8398692810457516
Precision: 0.9340659340659341
Recall: 0.9770114942528736
