Training Time: 1.6087838
Testing Time: 1.6336884
Accuracy: 0.9834523036988968
Precision: 0.9461172741679873
Recall: 0.8977443609022556
