Training Time: 5.1922083
Testing Time: 1.5681281
Accuracy: 0.9615384615384616
Precision: 0.88
Recall: 0.9166666666666666
