Training Time: 130.88074
Testing Time: 1.2046955
Accuracy: 0.9692307692307692
Precision: 0.8846153846153846
Recall: 0.9583333333333334
