Training Time: 917.5675
Testing Time: 3.0852203
Accuracy: 0.9307692307692308
Precision: 0.7586206896551724
Recall: 0.9166666666666666
