Training Time: 38.40942
Testing Time: 2.3810003
Accuracy: 0.5844155844155844
Precision: 0.5081967213114754
Recall: 0.9393939393939394
