Training Time: 0.43350267
Testing Time: 0.0415018
Accuracy: 0.6493506493506493
Precision: 0.6153846153846154
Recall: 0.48484848484848486
