Training Time: 788.91284
Testing Time: 1.3184861
Accuracy: 0.6233766233766234
Precision: 0.5526315789473685
Recall: 0.6363636363636364
