Training Time: 5523.753
Testing Time: 0.97062415
Accuracy: 0.6363636363636364
Precision: 0.5862068965517241
Recall: 0.5151515151515151
