Training Time: 91.92666
Testing Time: 3.7540076
Accuracy: 0.5584415584415584
Precision: 0.49230769230769234
Recall: 0.9696969696969697
