Training Time: 0.0296247
Testing Time: 0.0055655
Accuracy: 0.6533333333333333
Precision: 0.5964912280701754
Recall: 0.918918918918919
