Training Time: 0.0704204
Testing Time: 0.0111555
Accuracy: 0.6933333333333334
Precision: 0.6428571428571429
Recall: 0.8513513513513513
