Training Time: 1.0285257
Testing Time: 0.09185231
Accuracy: 0.6733333333333333
Precision: 0.6086956521739131
Recall: 0.9459459459459459
