Training Time: 7.3491592
Testing Time: 0.0197209
Accuracy: 0.7133333333333334
Precision: 0.6597938144329897
Recall: 0.8648648648648649
