Training Time: 0.0341281
Testing Time: 0.0043184
Accuracy: 0.8928571428571429
Precision: 1.0
Recall: 0.7692307692307693
