Training Time: 1.6156023
Testing Time: 0.0273546
Accuracy: 0.8928571428571429
Precision: 0.8125
Recall: 1.0
