Training Time: 4.931284
Testing Time: 0.002535
Accuracy: 0.8928571428571429
Precision: 0.9166666666666666
Recall: 0.8461538461538461
