Training Time: 5801.4814
Testing Time: 2.2233624
Accuracy: 0.9285714285714286
Precision: 0.9230769230769231
Recall: 0.9230769230769231
