Training Time: 0.09900311
Testing Time: 0.0021816
Accuracy: 0.8928571428571429
Precision: 0.8571428571428571
Recall: 0.9230769230769231
