Training Time: 1.3492992
Testing Time: 0.0464889
Accuracy: 0.7101449275362319
Precision: 0.6666666666666666
Recall: 0.6086956521739131
