Training Time: 114.45646
Testing Time: 0.5290634
Accuracy: 0.7391304347826086
Precision: 0.7171717171717171
Recall: 0.6173913043478261
