Training Time: 206052.73
Testing Time: 1.1730983
Accuracy: 0.7137681159420289
Precision: 0.6914893617021277
Recall: 0.5652173913043478
