Training Time: 3.9538076
Testing Time: 0.1742665
Accuracy: 0.6739130434782609
Precision: 0.6016260162601627
Recall: 0.6434782608695652
