Training Time: 28.31406
Testing Time: 3.356856
Accuracy: 0.7628865979381443
Precision: 0.7456140350877193
Recall: 0.68
