Training Time: 420.97052
Testing Time: 0.15793858
Accuracy: 0.7731958762886598
Precision: 0.7706422018348624
Recall: 0.672
