Training Time: 0.0333732
Testing Time: 0.1726944
Accuracy: 0.9411764705882353
Precision: 0.9354838709677419
Recall: 1.0
