Training Time: 8.081548
Testing Time: 1.233489
Accuracy: 0.775609756097561
Precision: 0.8780487804878049
Recall: 1.0
