Training Time: 0.8975556
Testing Time: 0.0762838
Accuracy: 0.7658536585365854
Precision: 0.8780487804878049
Recall: 1.0
