Training Time: 613.3649
Testing Time: 2.9366975
Accuracy: 0.7609756097560976
Precision: 0.8780487804878049
Recall: 1.0
