Training Time: 122867.93
Testing Time: 0.8304346
Accuracy: 0.7951219512195122
Precision: 0.8780487804878049
Recall: 1.0
