Training Time: 25.341253
Testing Time: 3.4478652
Accuracy: 0.7804878048780488
Precision: 0.8780487804878049
Recall: 1.0
