Training Time: 15.673607
Testing Time: 3.5731144
Accuracy: 0.9621621621621622
Precision: 0.9338235294117647
Recall: 0.9621212121212122
