Training Time: 1.1058737
Testing Time: 0.0624325
Accuracy: 0.9054054054054054
Precision: 0.8540145985401459
Recall: 0.8863636363636364
