Training Time: 217.64076
Testing Time: 6.6393356
Accuracy: 0.9459459459459459
Precision: 0.9
Recall: 0.9545454545454546
