Training Time: 143061.08
Testing Time: 43.815983
Accuracy: 0.9432432432432433
Precision: 0.9236641221374046
Recall: 0.9166666666666666
