Training Time: 54.137188
Testing Time: 8.668946
Accuracy: 0.9513513513513514
Precision: 0.9071428571428571
Recall: 0.9621212121212122
