Training Time: 8.588145
Testing Time: 0.5555715
Accuracy: 0.7410071942446043
Precision: 0.0
Recall: 0.0
