Training Time: 3.3499067
Testing Time: 0.9900008
Accuracy: 0.7222222222222222
Precision: 0.8
Recall: 0.5925925925925926
