Training Time: 688.5333
Testing Time: 0.2945433
Accuracy: 0.42592592592592593
Precision: 0.3888888888888889
Recall: 0.25925925925925924
