Training Time: 0.36465502
Testing Time: 0.0574326
Accuracy: 0.9307692307692308
Precision: 0.8
Recall: 0.8333333333333334
