Training Time: 0.0599576
Testing Time: 0.078894
Accuracy: 0.8307692307692308
Precision: 0.5294117647058824
Recall: 0.75
