Training Time: 9.814919
Testing Time: 0.34355092
Accuracy: 0.9615384615384616
Precision: 0.8518518518518519
Recall: 0.9583333333333334
