Training Time: 60.454952
Testing Time: 2.5649545
Accuracy: 0.8923076923076924
Precision: 0.6666666666666666
Recall: 0.8333333333333334
