Training Time: 7431.8438
Testing Time: 0.2855882
Accuracy: 0.8846153846153846
Precision: 0.6451612903225806
Recall: 0.8333333333333334
