Training Time: 0.9606528
Testing Time: 0.1977119
Accuracy: 1.0
Precision: 1.0
Recall: 1.0
