Training Time: 0.0557677
Testing Time: 0.0163488
Accuracy: 0.75
Precision: 0.75
Recall: 0.6923076923076923
