Training Time: 27.124697
Testing Time: 0.1066086
Accuracy: 1.0
Precision: 1.0
Recall: 1.0
