Training Time: 4.267929
Testing Time: 0.24675
Accuracy: 0.9
Precision: 1.0
Recall: 0.8
