Training Time: 128.10956
Testing Time: 0.1762744
Accuracy: 0.95
Precision: 1.0
Recall: 0.9
