Training Time: 8.018053
Testing Time: 0.4832547
Accuracy: 0.9
Precision: 1.0
Recall: 0.8
