Training Time: 0.7095736
Testing Time: 0.062669
Accuracy: 0.824390243902439
Precision: 0.8703703703703703
Recall: 0.94
