Training Time: 13.194597
Testing Time: 0.2998763
Accuracy: 0.8780487804878049
Precision: 0.9393939393939394
Recall: 0.93
