Training Time: 2.2263181
Testing Time: 0.0966829
Accuracy: 0.6388888888888888
Precision: 0.8048780487804879
Recall: 0.36666666666666664
