Training Time: 0.0407003
Testing Time: 0.1531959
Accuracy: 0.7888888888888889
Precision: 0.8023255813953488
Recall: 0.7666666666666667
