Training Time: 3.9219825
Testing Time: 0.0496228
Accuracy: 0.6222222222222222
Precision: 0.7894736842105263
Recall: 0.3333333333333333
