Training Time: 0.0524242
Testing Time: 0.0648519
Accuracy: 0.7230769230769231
Precision: 0.38
Recall: 0.7916666666666666
