Training Time: 207.55028
Testing Time: 0.8437278
Accuracy: 0.6846153846153846
Precision: 0.34545454545454546
Recall: 0.7916666666666666
