Training Time: 2.7400587
Testing Time: 0.21936621
Accuracy: 0.8
Precision: 0.47368421052631576
Recall: 0.75
