Training Time: 24.69775
Testing Time: 0.0962634
Accuracy: 0.7076923076923077
Precision: 0.34782608695652173
Recall: 0.6666666666666666
