Training Time: 1.131101
Testing Time: 0.51295483
Accuracy: 0.8076923076923077
Precision: 0.48936170212765956
Recall: 0.9583333333333334
