Training Time: 0.0789683
Testing Time: 0.0897359
Accuracy: 0.5474209650582362
Precision: 0.4866412213740458
Recall: 0.9883720930232558
