Training Time: 0.0261257
Testing Time: 0.1261712
Accuracy: 0.7104825291181365
Precision: 0.5995260663507109
Recall: 0.9806201550387597
