Training Time: 2.4783192
Testing Time: 0.88772553
Accuracy: 0.4292845257903494
Precision: 0.4292845257903494
Recall: 1.0
