Training Time: 0.1442172
Testing Time: 0.0902072
Accuracy: 0.7670549084858569
Precision: 0.677710843373494
Recall: 0.872093023255814
