Training Time: 521.5588
Testing Time: 25.819592
Accuracy: 0.5584415584415584
Precision: 1.0
Recall: 0.5
