Training Time: 7422.8257
Testing Time: 6.3189473
Accuracy: 0.6233766233766234
Precision: 1.0
Recall: 0.5
