Training Time: 1606.0872
Testing Time: 8.667627
Accuracy: 0.5584415584415584
Precision: 1.0
Recall: 0.5
