Training Time: 6.494795
Testing Time: 1.2440569
Accuracy: 0.99
Precision: 0.95
Recall: 1.0
