Training Time: 503.02246
Testing Time: 1.20449
Accuracy: 0.59375
Precision: 0.5
Recall: 0.038461538461538464
