Training Time: 51.152054
Testing Time: 0.7470923
Accuracy: 0.625
Precision: 0.5555555555555556
Recall: 0.38461538461538464
