Training Time: 141.47655
Testing Time: 27.19874
Accuracy: 0.9756756756756757
Precision: 0.9624060150375939
Recall: 0.9696969696969697
