Training Time: 1688.8978
Testing Time: 15.776726
Accuracy: 0.9756756756756757
Precision: 0.9424460431654677
Recall: 0.9924242424242424
