Training Time: 691.74475
Testing Time: 77.969284
Accuracy: 0.9756756756756757
Precision: 0.9624060150375939
Recall: 0.9696969696969697
