Training Time: 0.0355686
Testing Time: 0.1369566
Accuracy: 0.9666666666666667
Precision: 0.9375
Recall: 1.0
