Training Time: 20.98464
Testing Time: 0.674337
Accuracy: 0.9111111111111111
Precision: 0.9512195121951219
Recall: 0.8666666666666667
