Training Time: 191.69093
Testing Time: 1.4653182
Accuracy: 0.6277777777777778
Precision: 0.7090909090909091
Recall: 0.43333333333333335
