Training Time: 69.58691
Testing Time: 2.7886448
Accuracy: 0.6233766233766234
Precision: 0.5333333333333333
Recall: 0.9696969696969697
