Training Time: 0.4876224
Testing Time: 0.0524864
Accuracy: 0.7272727272727273
Precision: 0.7
Recall: 0.6363636363636364
