Training Time: 9100.822
Testing Time: 32.29451
Accuracy: 0.7142857142857143
Precision: 0.72
Recall: 0.5454545454545454
