Training Time: 187.84842
Testing Time: 4.6455894
Accuracy: 0.6233766233766234
Precision: 0.5344827586206896
Recall: 0.9393939393939394
