Training Time: 0.9687987
Testing Time: 0.1406864
Accuracy: 1.0
Precision: 1.0
Recall: 1.0
