Training Time: 0.1929397
Testing Time: 0.0800016
Accuracy: 0.98
Precision: 1.0
Recall: 1.0
