Training Time: 19.823225
Testing Time: 0.28371078
Accuracy: 1.0
Precision: 1.0
Recall: 1.0
