Training Time: 22068.938
Testing Time: 8.511565
Accuracy: 0.97
Precision: 0.9047619047619048
Recall: 1.0
