Training Time: 2.5963435
Testing Time: 0.1964899
Accuracy: 1.0
Precision: 1.0
Recall: 1.0
