Training Time: 0.0496691
Testing Time: 0.0286153
Accuracy: 1.0
Precision: 1.0
Recall: 1.0
