Training Time: 85.95469
Testing Time: 0.20866019
Accuracy: 1.0
Precision: 1.0
Recall: 1.0
