Training Time: 5604.6885
Testing Time: 0.2252208
Accuracy: 0.9642857142857143
Precision: 1.0
Recall: 0.9230769230769231
