Training Time: 6.553985
Testing Time: 0.59172726
Accuracy: 1.0
Precision: 1.0
Recall: 1.0
