Training Time: 0.1845658
Testing Time: 0.071293294
Accuracy: 0.59375
Precision: 0.5
Recall: 0.3076923076923077
