Training Time: 564.2321
Testing Time: 1.2406175
Accuracy: 0.53125
Precision: 0.35714285714285715
Recall: 0.19230769230769232
