Training Time: 68.66939
Testing Time: 0.5355956
Accuracy: 0.453125
Precision: 0.32
Recall: 0.3076923076923077
