Training Time: 0.8740781
Testing Time: 0.1524768
Accuracy: 0.8166666666666667
Precision: 0.9047619047619048
Recall: 0.95
