Training Time: 0.0741649
Testing Time: 0.0111071
Accuracy: 0.9166666666666666
Precision: 0.8636363636363636
Recall: 0.95
