Training Time: 25.75078
Testing Time: 0.2077091
Accuracy: 0.8666666666666667
Precision: 0.9090909090909091
Recall: 1.0
