Training Time: 15555.232
Testing Time: 5.3347697
Accuracy: 0.9333333333333333
Precision: 0.8695652173913043
Recall: 1.0
