Training Time: 3.620108
Testing Time: 0.6191322
Accuracy: 0.8856209150326797
Precision: 1.0
Recall: 1.0
