Training Time: 0.20672591
Testing Time: 0.51842844
Accuracy: 0.9477124183006536
Precision: 1.0
Recall: 1.0
