Training Time: 365.52365
Testing Time: 0.35033432
Accuracy: 1.0
Precision: 1.0
Recall: 1.0
