Training Time: 2.8812315
Testing Time: 0.32677698
Accuracy: 1.0
Precision: 1.0
Recall: 1.0
