Training Time: 2.9265108
Testing Time: 0.8829455
Accuracy: 0.9615384615384616
Precision: 0.8518518518518519
Recall: 0.9583333333333334
