Training Time: 0.0643986
Testing Time: 0.0977018
Accuracy: 0.8076923076923077
Precision: 0.48717948717948717
Recall: 0.7916666666666666
