Training Time: 516.8979
Testing Time: 1.7481223
Accuracy: 0.8923076923076924
Precision: 0.7083333333333334
Recall: 0.7083333333333334
