Training Time: 8139.6387
Testing Time: 14.787212
Accuracy: 0.8846153846153846
Precision: 0.6551724137931034
Recall: 0.7916666666666666
