Training Time: 6.1701746
Testing Time: 1.2231399
Accuracy: 0.9615384615384616
Precision: 0.88
Recall: 0.9166666666666666
