Training Time: 97.73553
Testing Time: 0.4491575
Accuracy: 0.7037037037037037
Precision: 0.72
Recall: 0.6666666666666666
