Training Time: 698.0804
Testing Time: 3.0490558
Accuracy: 0.5370370370370371
Precision: 0.5454545454545454
Recall: 0.4444444444444444
