Training Time: 11.485996
Testing Time: 1.3449465
Accuracy: 0.6851851851851852
Precision: 0.7777777777777778
Recall: 0.5185185185185185
