Training Time: 0.41320542
Testing Time: 1.5999153
Accuracy: 0.9313725490196079
Precision: 1.0
Recall: 1.0
