Training Time: 12.746305
Testing Time: 1.0358496
Accuracy: 0.8921568627450981
Precision: 0.9886363636363636
Recall: 1.0
