Training Time: 39.171734
Testing Time: 0.53935856
Accuracy: 0.9640522875816994
Precision: 0.9886363636363636
Recall: 1.0
