Training Time: 0.7313273
Testing Time: 1.7935352
Accuracy: 0.9411764705882353
Precision: 1.0
Recall: 1.0
