Training Time: 0.8961533
Testing Time: 0.98215026
Accuracy: 0.8986928104575164
Precision: 0.9666666666666667
Recall: 1.0
