Training Time: 729.71063
Testing Time: 33.955853
Accuracy: 0.7482014388489209
Precision: 0.0
Recall: 0.0
