Training Time: 1.1013554
Testing Time: 0.2258457
Accuracy: 0.7482014388489209
Precision: 0.0
Recall: 0.0
