Training Time: 1939.018
Testing Time: 56.858166
Accuracy: 0.7482014388489209
Precision: 0.0
Recall: 0.0
