Training Time: 90.362976
Testing Time: 0.0408287
Accuracy: 0.5
Precision: 0.38461538461538464
Recall: 0.38461538461538464
