Training Time: 4123.2974
Testing Time: 133.58278
Accuracy: 0.8109965635738832
Precision: 0.8070175438596491
Recall: 0.736
