Training Time: 569.3545
Testing Time: 60.473663
Accuracy: 0.7722222222222223
Precision: 0.8181818181818182
Recall: 0.7
