Training Time: 0.7604742
Testing Time: 0.0540265
Accuracy: 0.564935064935065
Precision: 0.36363636363636365
Recall: 0.27586206896551724
