Training Time: 25.114199
Testing Time: 1.9664552
Accuracy: 0.5584415584415584
Precision: 0.45
Recall: 0.3103448275862069
