Training Time: 9.270248
Testing Time: 1.7193259
Accuracy: 1.0
Precision: 1.0
Recall: 1.0
