Training Time: 0.1585283
Testing Time: 0.0651679
Accuracy: 1.0
Precision: 1.0
Recall: 1.0
