Training Time: 23.374834
Testing Time: 3.2676322
Accuracy: 1.0
Precision: 1.0
Recall: 1.0
