Training Time: 303.77005
Testing Time: 530.88324
Accuracy: 0.9943218689162882
Precision: 0.9891304347826086
Recall: 0.9578947368421052
