Training Time: 1.4443705
Testing Time: 2.6447244
Accuracy: 0.9881570408825439
Precision: 0.9836601307189542
Recall: 0.9052631578947369
