Training Time: 2749.8132
Testing Time: 235.35912
Accuracy: 0.9948085658663206
Precision: 0.9906976744186047
Recall: 0.9609022556390977
