Training Time: 10.143865
Testing Time: 1.2428361
Accuracy: 0.7463414634146341
Precision: 0.8780487804878049
Recall: 1.0
