Training Time: 152.26263
Testing Time: 2.2757025
Accuracy: 0.7853658536585366
Precision: 0.8780487804878049
Recall: 1.0
