Training Time: 41.741028
Testing Time: 4.1784654
Accuracy: 0.7365853658536585
Precision: 0.8780487804878049
Recall: 1.0
