Training Time: 0.0260209
Testing Time: 0.0592453
Accuracy: 0.7516339869281046
Precision: 0.8461538461538461
Recall: 0.8850574712643678
