Training Time: 0.1686533
Testing Time: 0.2023768
Accuracy: 0.8464052287581699
Precision: 1.0
Recall: 0.8850574712643678
