Training Time: 8.708266
Testing Time: 0.6497611
Accuracy: 0.8666666666666667
Precision: 0.9166666666666666
Recall: 0.9166666666666666
