Training Time: 263.9245
Testing Time: 0.29681948
Accuracy: 0.8666666666666667
Precision: 0.9166666666666666
Recall: 0.9166666666666666
