Training Time: 11339.369
Testing Time: 1.1765474
Accuracy: 0.9333333333333333
Precision: 0.9166666666666666
Recall: 0.9166666666666666
