Training Time: 2.8258834
Testing Time: 0.61861295
Accuracy: 0.9642857142857143
Precision: 1.0
Recall: 0.9230769230769231
