Training Time: 0.0480374
Testing Time: 0.0244982
Accuracy: 1.0
Precision: 1.0
Recall: 1.0
