Training Time: 275.4578
Testing Time: 0.2899245
Accuracy: 0.9642857142857143
Precision: 1.0
Recall: 0.9230769230769231
