Training Time: 5550.0283
Testing Time: 0.22713181
Accuracy: 0.9642857142857143
Precision: 1.0
Recall: 0.9230769230769231
