Training Time: 2.8066614
Testing Time: 0.1254208
Accuracy: 0.5833333333333334
Precision: 0.7142857142857143
Recall: 0.2777777777777778
