Training Time: 0.0473093
Testing Time: 0.19767031
Accuracy: 0.7333333333333333
Precision: 0.75
Recall: 0.7
