Training Time: 82.46112
Testing Time: 0.9986039
Accuracy: 0.6055555555555555
Precision: 0.6417910447761194
Recall: 0.4777777777777778
