Training Time: 5824.6836
Testing Time: 3.0698407
Accuracy: 0.7055555555555556
Precision: 0.7402597402597403
Recall: 0.6333333333333333
