Training Time: 5.364121
Testing Time: 0.49430898
Accuracy: 0.5722222222222222
Precision: 0.6181818181818182
Recall: 0.37777777777777777
