Training Time: 0.12314311
Testing Time: 0.18818259
Accuracy: 0.6173044925124792
Precision: 0.5288065843621399
Recall: 0.9961240310077519
