Training Time: 0.2467684
Testing Time: 0.36997628
Accuracy: 0.6772046589018302
Precision: 0.5711111111111111
Recall: 0.9961240310077519
