Training Time: 0.7448069
Testing Time: 0.2190215
Accuracy: 0.716
Precision: 0.7213114754098361
Recall: 0.704
