Training Time: 67256.805
Testing Time: 4.8824377
Accuracy: 0.736
Precision: 0.7092198581560284
Recall: 0.8
