Training Time: 5.3430533
Testing Time: 2.2159646
Accuracy: 0.9461538461538461
Precision: 0.8148148148148148
Recall: 0.9166666666666666
