Training Time: 0.0690194
Testing Time: 0.1149036
Accuracy: 0.7769230769230769
Precision: 0.45098039215686275
Recall: 0.9583333333333334
