Training Time: 880.33966
Testing Time: 2.7876065
Accuracy: 0.8923076923076924
Precision: 0.6923076923076923
Recall: 0.75
