Training Time: 10.402693
Testing Time: 4.0018425
Accuracy: 0.9538461538461539
Precision: 0.8461538461538461
Recall: 0.9166666666666666
