Training Time: 0.0453308
Testing Time: 0.0180894
Accuracy: 0.8
Precision: 0.8
Recall: 0.8
