Training Time: 38.67796
Testing Time: 0.1033824
Accuracy: 1.0
Precision: 1.0
Recall: 1.0
