Training Time: 2.4875646
Testing Time: 0.1132208
Accuracy: 0.9
Precision: 1.0
Recall: 0.8
