Training Time: 173.7115
Testing Time: 0.97930896
Accuracy: 0.85
Precision: 0.8181818181818182
Recall: 0.9
