Training Time: 17.548693
Testing Time: 0.0242031
Accuracy: 0.5
Precision: 0.5
Recall: 0.4
