Training Time: 5.410155
Testing Time: 0.8132385
Accuracy: 0.7560975609756098
Precision: 0.8780487804878049
Recall: 1.0
