Training Time: 71.71038
Testing Time: 1.899571
Accuracy: 0.7902439024390244
Precision: 0.8780487804878049
Recall: 1.0
