Training Time: 438.48483
Testing Time: 1.2174382
Accuracy: 0.7658536585365854
Precision: 0.8780487804878049
Recall: 1.0
