Training Time: 1.7093168
Testing Time: 0.114512496
Accuracy: 0.564935064935065
Precision: 0.391304347826087
Recall: 0.3103448275862069
