Training Time: 24.543081
Testing Time: 0.61672014
Accuracy: 0.564935064935065
Precision: 0.6363636363636364
Recall: 0.2413793103448276
