Training Time: 4.2917867
Testing Time: 0.3487254
Accuracy: 0.5714285714285714
Precision: 0.45454545454545453
Recall: 0.3448275862068966
