Training Time: 4.555089
Testing Time: 0.35225192
Accuracy: 0.7282608695652174
Precision: 0.7325581395348837
Recall: 0.5478260869565217
