Training Time: 1.2171329
Testing Time: 0.0405731
Accuracy: 0.7101449275362319
Precision: 0.6881720430107527
Recall: 0.5565217391304348
