Training Time: 59.766804
Testing Time: 2.0382
Accuracy: 0.6702898550724637
Precision: 0.7222222222222222
Recall: 0.3391304347826087
