Training Time: 281.726
Testing Time: 0.6561964
Accuracy: 0.75
Precision: 0.7738095238095238
Recall: 0.5652173913043478
