Training Time: 138605.92
Testing Time: 1.876244
Accuracy: 0.75
Precision: 0.7446808510638298
Recall: 0.6086956521739131
