Training Time: 10.997805
Testing Time: 1.568417
Accuracy: 0.7210144927536232
Precision: 0.7159090909090909
Recall: 0.5478260869565217
