Training Time: 221.56203
Testing Time: 7.843927
Accuracy: 0.5584415584415584
Precision: 1.0
Recall: 0.5
