Training Time: 4435.6123
Testing Time: 3.2234056
Accuracy: 0.5714285714285714
Precision: 1.0
Recall: 0.5
