Training Time: 0.0362005
Testing Time: 0.0840657
Accuracy: 0.7222222222222222
Precision: 0.7127659574468085
Recall: 0.7444444444444445
