Training Time: 196.53989
Testing Time: 1.7580998
Accuracy: 0.5833333333333334
Precision: 0.5789473684210527
Recall: 0.6111111111111112
