Training Time: 1.4102745
Testing Time: 0.0566926
Accuracy: 0.5166666666666667
Precision: 0.5405405405405406
Recall: 0.2222222222222222
