Training Time: 7.666935
Testing Time: 0.6984386
Accuracy: 0.7553956834532374
Precision: 1.0
Recall: 0.02857142857142857
