Training Time: 0.81795096
Testing Time: 0.0247617
Accuracy: 0.7482014388489209
Precision: 0.0
Recall: 0.0
