Training Time: 95.79028
Testing Time: 0.90148216
Accuracy: 0.7482014388489209
Precision: 0.0
Recall: 0.0
