Training Time: 21.619886
Testing Time: 2.4508233
Accuracy: 0.538961038961039
Precision: 0.9545454545454546
Recall: 1.0
