Training Time: 258.721
Testing Time: 2.915517
Accuracy: 0.5714285714285714
Precision: 0.9545454545454546
Recall: 1.0
