Training Time: 1568.3413
Testing Time: 5.53595
Accuracy: 0.525974025974026
Precision: 0.9545454545454546
Recall: 1.0
