Training Time: 62.557762
Testing Time: 4.234623
Accuracy: 0.5454545454545454
Precision: 0.9545454545454546
Recall: 1.0
