Training Time: 0.0248767
Testing Time: 0.1384785
Accuracy: 0.8552412645590682
Precision: 0.7614678899082569
Recall: 0.9651162790697675
