Training Time: 0.0520223
Testing Time: 0.0318168
Accuracy: 0.75
Precision: 0.7777777777777778
Recall: 0.7
