Training Time: 5067.763
Testing Time: 2.4958122
Accuracy: 0.8
Precision: 0.7142857142857143
Recall: 1.0
