Training Time: 9.543526
Testing Time: 0.5057461
Accuracy: 0.95
Precision: 1.0
Recall: 0.9
