Training Time: 387.31558
Testing Time: 14.696593
Accuracy: 0.8181818181818182
Precision: 0.7435897435897436
Recall: 0.8787878787878788
