Training Time: 5438.5586
Testing Time: 7.2298274
Accuracy: 0.8181818181818182
Precision: 0.7567567567567568
Recall: 0.8484848484848485
