Training Time: 48170.17
Testing Time: 167.25264
Accuracy: 0.7792207792207793
Precision: 0.7222222222222222
Recall: 0.7878787878787878
