Training Time: 1068.9097
Testing Time: 33.742023
Accuracy: 0.7792207792207793
Precision: 0.6739130434782609
Recall: 0.9393939393939394
