Training Time: 11.13268
Testing Time: 0.822155
Accuracy: 0.9
Precision: 1.0
Recall: 0.9166666666666666
