Training Time: 0.0774502
Testing Time: 0.0407097
Accuracy: 0.6666666666666666
Precision: 0.8461538461538461
Recall: 0.9166666666666666
