Training Time: 1744.6696
Testing Time: 0.75211126
Accuracy: 0.8666666666666667
Precision: 1.0
Recall: 0.9166666666666666
