Training Time: 0.0251454
Testing Time: 0.1088298
Accuracy: 0.562396006655574
Precision: 0.49478079331941544
Recall: 0.9186046511627907
