Training Time: 0.4574137
Testing Time: 0.3447995
Accuracy: 0.4292845257903494
Precision: 0.4292845257903494
Recall: 1.0
