Training Time: 2.9382818
Testing Time: 0.0438261
Accuracy: 0.8469217970049917
Precision: 0.7515151515151515
Recall: 0.9612403100775194
