Training Time: 0.0209061
Testing Time: 0.0074448
Accuracy: 0.6572379367720466
Precision: 0.5607476635514018
Recall: 0.9302325581395349
