Training Time: 39.21662
Testing Time: 4.3275566
Accuracy: 0.751219512195122
Precision: 0.8875
Recall: 0.9861111111111112
