Training Time: 0.83155966
Testing Time: 0.0715924
Accuracy: 0.824390243902439
Precision: 0.9306930693069307
Recall: 0.94
