Training Time: 212.5486
Testing Time: 2.4770036
Accuracy: 0.8439024390243902
Precision: 0.9393939393939394
Recall: 0.93
