Training Time: 54.704967
Testing Time: 7.0263324
Accuracy: 0.8439024390243902
Precision: 0.9393939393939394
Recall: 0.93
