Training Time: 9.002073
Testing Time: 0.1601603
Accuracy: 0.7833333333333333
Precision: 0.7391304347826086
Recall: 0.85
