Training Time: 0.087846
Testing Time: 0.0384476
Accuracy: 0.5333333333333333
Precision: 0.55
Recall: 0.9166666666666666
