Training Time: 1055.725
Testing Time: 0.6121751
Accuracy: 0.5666666666666667
Precision: 0.8181818181818182
Recall: 0.75
