Training Time: 10139.661
Testing Time: 3.2851303
Accuracy: 0.4666666666666667
Precision: 0.4583333333333333
Recall: 0.9166666666666666
