Training Time: 406.72552
Testing Time: 7.1676536
Accuracy: 0.7731958762886598
Precision: 0.8390804597701149
Recall: 0.584
