Training Time: 1.2642397
Testing Time: 0.3509624
Accuracy: 0.5185185185185185
Precision: 0.5263157894736842
Recall: 0.37037037037037035
