Training Time: 0.0876748
Testing Time: 0.0221007
Accuracy: 0.5370370370370371
Precision: 0.5384615384615384
Recall: 0.5185185185185185
