Training Time: 282.15973
Testing Time: 0.27148372
Accuracy: 0.3888888888888889
Precision: 0.38461538461538464
Recall: 0.37037037037037035
