Training Time: 112.184326
Testing Time: 1.5919023
Accuracy: 0.5584415584415584
Precision: 0.9545454545454546
Recall: 1.0
