Training Time: 24.645863
Testing Time: 1.8251405
Accuracy: 0.4935064935064935
Precision: 0.9545454545454546
Recall: 1.0
