Training Time: 5.4332194
Testing Time: 10.796455
Accuracy: 0.9253333333333333
Precision: 0.8636363636363636
Recall: 0.21714285714285714
