Training Time: 1.0554276
Testing Time: 1.303303
Accuracy: 0.9333333333333333
Precision: 0.7894736842105263
Recall: 0.2571428571428571
