Training Time: 143407.17
Testing Time: 34.677906
Accuracy: 0.9433333333333334
Precision: 0.8545454545454545
Recall: 0.26857142857142857
