Training Time: 13.584463
Testing Time: 36.95772
Accuracy: 0.9306666666666666
Precision: 0.8461538461538461
Recall: 0.25142857142857145
