Training Time: 1017.1344
Testing Time: 1.9071115
Accuracy: 0.5584415584415584
Precision: 1.0
Recall: 0.5
