Training Time: 197.36057
Testing Time: 5.5989275
Accuracy: 0.5584415584415584
Precision: 1.0
Recall: 0.5
