Training Time: 161.79292
Testing Time: 3.0500655
Accuracy: 0.7482014388489209
Precision: 0.0
Recall: 0.0
