Training Time: 1.0508233
Testing Time: 0.19842151
Accuracy: 0.7482014388489209
Precision: 0.0
Recall: 0.0
