Training Time: 14655.491
Testing Time: 25.729939
Accuracy: 0.7482014388489209
Precision: 0.0
Recall: 0.0
