Training Time: 418.66055
Testing Time: 11.229639
Accuracy: 0.7482014388489209
Precision: 0.0
Recall: 0.0
