Training Time: 3838.2803
Testing Time: 62.89586
Accuracy: 0.7482014388489209
Precision: 0.0
Recall: 0.0
