Training Time: 549.1219
Testing Time: 0.1959897
Accuracy: 0.7482014388489209
Precision: 0.0
Recall: 0.0
