Training Time: 32.183865
Testing Time: 1.4871781
Accuracy: 0.7482014388489209
Precision: 0.0
Recall: 0.0
