Training Time: 113.38194
Testing Time: 280.70074
Accuracy: 0.9384444444444444
Precision: 0.7868852459016393
Recall: 0.2742857142857143
