Training Time: 1.0279547
Testing Time: 1.7859703
Accuracy: 0.9335555555555556
Precision: 0.7121212121212122
Recall: 0.26857142857142857
