Training Time: 312.32114
Testing Time: 754.2102
Accuracy: 0.9393333333333334
Precision: 1.0
Recall: 0.045454545454545456
