Training Time: 0.3426376
Testing Time: 0.0237035
Accuracy: 0.4805194805194805
Precision: 0.38235294117647056
Recall: 0.4482758620689655
