Training Time: 0.76297355
Testing Time: 0.0444158
Accuracy: 0.538961038961039
Precision: 0.4375
Recall: 0.2413793103448276
