Training Time: 5.273818
Testing Time: 0.114325106
Accuracy: 0.564935064935065
Precision: 0.47368421052631576
Recall: 0.3103448275862069
