Training Time: 0.7944861
Testing Time: 0.0558655
Accuracy: 0.8097560975609757
Precision: 0.9292929292929293
Recall: 0.92
