Training Time: 815.4865
Testing Time: 3.598881
Accuracy: 0.8292682926829268
Precision: 0.93
Recall: 0.93
