Training Time: 120696.14
Testing Time: 20.55215
Accuracy: 0.8439024390243902
Precision: 0.9393939393939394
Recall: 0.93
