Training Time: 41.39034
Testing Time: 5.0236053
Accuracy: 0.848780487804878
Precision: 0.93
Recall: 0.93
