Training Time: 1.1411746
Testing Time: 0.2241303
Accuracy: 0.7482014388489209
Precision: 0.0
Recall: 0.0
