Training Time: 56228.008
Testing Time: 113.806885
Accuracy: 0.7410071942446043
Precision: 0.0
Recall: 0.0
