Training Time: 2014.2677
Testing Time: 57.691128
Accuracy: 0.7482014388489209
Precision: 0.0
Recall: 0.0
