Training Time: 0.0407995
Testing Time: 0.3136725
Accuracy: 0.9575163398692811
Precision: 0.9550561797752809
Recall: 0.9770114942528736
