Training Time: 1.5602553
Testing Time: 3.349667
Accuracy: 0.954248366013072
Precision: 1.0
Recall: 1.0
