Training Time: 0.050147
Testing Time: 0.078743
Accuracy: 0.45757071547420963
Precision: 0.4417808219178082
Recall: 1.0
