Training Time: 0.026136
Testing Time: 0.1037036
Accuracy: 0.7903494176372712
Precision: 0.6864406779661016
Recall: 0.9418604651162791
