Training Time: 1.6152456
Testing Time: 0.6689291
Accuracy: 0.4292845257903494
Precision: 0.4292845257903494
Recall: 1.0
