Training Time: 4887.1543
Testing Time: 70.548706
Accuracy: 0.8419301164725458
Precision: 0.7335243553008596
Recall: 0.9922480620155039
