Training Time: 0.096447505
Testing Time: 0.131427
Accuracy: 0.8219633943427621
Precision: 0.7542087542087542
Recall: 0.8682170542635659
