Training Time: 0.1606631
Testing Time: 0.0026494
Accuracy: 0.7666666666666667
Precision: 1.0
Recall: 0.9166666666666666
