Training Time: 4.8724923
Testing Time: 0.0565852
Accuracy: 0.6666666666666666
Precision: 0.7333333333333333
Recall: 0.9166666666666666
