Training Time: 24.01087
Testing Time: 0.1366983
Accuracy: 0.8
Precision: 1.0
Recall: 0.9166666666666666
