Training Time: 1.3025018
Testing Time: 0.2509301
Accuracy: 0.9714285714285714
Precision: 1.0
Recall: 1.0
