Training Time: 144.65044
Testing Time: 0.0832584
Accuracy: 0.9619047619047619
Precision: 1.0
Recall: 0.9
