Training Time: 31320.686
Testing Time: 0.59018236
Accuracy: 0.9523809523809523
Precision: 1.0
Recall: 1.0
