Training Time: 49.012455
Testing Time: 0.0614072
Accuracy: 0.9428571428571428
Precision: 1.0
Recall: 1.0
