Training Time: 2.842406
Testing Time: 0.092995904
Accuracy: 0.9809523809523809
Precision: 1.0
Recall: 1.0
