Training Time: 0.1141099
Testing Time: 0.0245497
Accuracy: 0.578125
Precision: 0.4782608695652174
Recall: 0.4230769230769231
