Training Time: 131.55273
Testing Time: 0.42443672
Accuracy: 0.578125
Precision: 0.48148148148148145
Recall: 0.5
