Training Time: 943.3087
Testing Time: 0.9056479
Accuracy: 0.578125
Precision: 0.47368421052631576
Recall: 0.34615384615384615
