Training Time: 19567.621
Testing Time: 6.1155467
Accuracy: 0.5
Precision: 0.3333333333333333
Recall: 0.23076923076923078
