Training Time: 82.80139
Testing Time: 0.109560706
Accuracy: 0.5
Precision: 0.375
Recall: 0.34615384615384615
