Training Time: 4.7240787
Testing Time: 0.4789551
Accuracy: 0.578125
Precision: 0.47619047619047616
Recall: 0.38461538461538464
