Training Time: 0.1333696
Testing Time: 8.381E-4
Accuracy: 0.5666666666666667
Precision: 0.6363636363636364
Recall: 0.5833333333333334
