Training Time: 1.9444352
Testing Time: 0.1437704
Accuracy: 0.75
Precision: 1.0
Recall: 0.5
