Training Time: 0.0412447
Testing Time: 0.0149519
Accuracy: 0.75
Precision: 0.6923076923076923
Recall: 0.9
