Training Time: 294.33154
Testing Time: 0.139814
Accuracy: 0.5
Precision: 0.5
Recall: 0.5
