Training Time: 1.0419425
Testing Time: 1.5677955
Accuracy: 0.9328888888888889
Precision: 0.7222222222222222
Recall: 0.22285714285714286
