Training Time: 2187.6252
Testing Time: 78.258736
Accuracy: 0.9386666666666666
Precision: 0.3333333333333333
Recall: 0.09090909090909091
