Training Time: 152346.86
Testing Time: 848.5176
Accuracy: 0.9373333333333334
Precision: 0.8958333333333334
Recall: 0.24571428571428572
