Training Time: 4.8489056
Testing Time: 0.056124
Accuracy: 0.85
Precision: 1.0
Recall: 0.7
