Training Time: 881.92957
Testing Time: 5.1113477
Accuracy: 0.65
Precision: 1.0
Recall: 0.3
