Training Time: 8.3071165
Testing Time: 0.2261844
Accuracy: 0.8
Precision: 1.0
Recall: 0.6
