Training Time: 2.1204135
Testing Time: 0.0101901
Accuracy: 0.46875
Precision: 0.3333333333333333
Recall: 0.3076923076923077
