Training Time: 0.1358763
Testing Time: 0.0343724
Accuracy: 0.5
Precision: 0.3333333333333333
Recall: 0.23076923076923078
