Training Time: 381.0815
Testing Time: 0.3375469
Accuracy: 0.515625
Precision: 0.3333333333333333
Recall: 0.19230769230769232
