Training Time: 4.887473
Testing Time: 0.0588273
Accuracy: 0.59375
Precision: 0.5
Recall: 0.038461538461538464
