Training Time: 0.0292379
Testing Time: 0.0074083
Accuracy: 0.8
Precision: 0.7972972972972973
Recall: 0.7972972972972973
