Training Time: 0.0791302
Testing Time: 0.0666966
Accuracy: 0.9066666666666666
Precision: 0.8846153846153846
Recall: 0.9324324324324325
