Training Time: 0.10763209
Testing Time: 0.0470022
Accuracy: 0.5740740740740741
Precision: 0.5625
Recall: 0.6666666666666666
