Training Time: 421.73416
Testing Time: 1.802407
Accuracy: 0.5185185185185185
Precision: 0.5217391304347826
Recall: 0.4444444444444444
