Training Time: 0.0821586
Testing Time: 0.055215
Accuracy: 0.7
Precision: 0.75
Recall: 0.6
