Training Time: 5.1591578
Testing Time: 0.4157833
Accuracy: 0.8666666666666667
Precision: 0.9166666666666666
Recall: 0.9166666666666666
