Training Time: 153.08922
Testing Time: 0.3067215
Accuracy: 0.8666666666666667
Precision: 0.8461538461538461
Recall: 0.9166666666666666
