Training Time: 787.121
Testing Time: 7.6575503
Accuracy: 0.9
Precision: 0.9166666666666666
Recall: 0.9166666666666666
