Training Time: 9857.837
Testing Time: 3.0934517
Accuracy: 0.9333333333333333
Precision: 0.9166666666666666
Recall: 0.9166666666666666
