Training Time: 96.439606
Testing Time: 188.23166
Accuracy: 0.9925373134328358
Precision: 0.9798449612403101
Recall: 0.9503759398496241
