Training Time: 1078.3739
Testing Time: 167.75093
Accuracy: 0.9914016872160935
Precision: 0.9722222222222222
Recall: 0.9473684210526315
