Training Time: 2347.5889
Testing Time: 51.974216
Accuracy: 0.9918883841661259
Precision: 0.9582712369597616
Recall: 0.9669172932330827
