Training Time: 3958.8855
Testing Time: 1.7333844
Accuracy: 0.484375
Precision: 0.3870967741935484
Recall: 0.46153846153846156
