Training Time: 49.86362
Testing Time: 0.8847424
Accuracy: 0.5625
Precision: 0.46875
Recall: 0.5769230769230769
