Training Time: 7.3251595
Testing Time: 1.2764884
Accuracy: 0.8341463414634146
Precision: 0.9207920792079208
Recall: 0.93
