Training Time: 0.7221008
Testing Time: 0.0805312
Accuracy: 0.848780487804878
Precision: 0.9306930693069307
Recall: 0.94
