Training Time: 107.5425
Testing Time: 2.236607
Accuracy: 0.848780487804878
Precision: 0.9393939393939394
Recall: 0.93
