Training Time: 112883.7
Testing Time: 61.903404
Accuracy: 0.8634146341463415
Precision: 0.9393939393939394
Recall: 0.93
