Training Time: 23.584236
Testing Time: 3.0919063
Accuracy: 0.848780487804878
Precision: 0.93
Recall: 0.93
