Training Time: 0.9870565
Testing Time: 0.1701797
Accuracy: 0.7338129496402878
Precision: 0.25
Recall: 0.02857142857142857
