Training Time: 909.6165
Testing Time: 47.530075
Accuracy: 0.7410071942446043
Precision: 0.3333333333333333
Recall: 0.02857142857142857
