Training Time: 1.4276506
Testing Time: 0.0962302
Accuracy: 0.8666666666666667
Precision: 0.9166666666666666
Recall: 0.9166666666666666
