Training Time: 0.0573782
Testing Time: 0.0241478
Accuracy: 0.7333333333333333
Precision: 0.8461538461538461
Recall: 0.9166666666666666
