Training Time: 180.71974
Testing Time: 0.109317295
Accuracy: 0.8
Precision: 0.7333333333333333
Recall: 0.9166666666666666
