Training Time: 17.294027
Testing Time: 1.8391494
Accuracy: 0.697841726618705
Precision: 0.8363636363636363
Recall: 0.7076923076923077
