Training Time: 0.76971275
Testing Time: 0.0506821
Accuracy: 0.7050359712230215
Precision: 0.8541666666666666
Recall: 0.6307692307692307
