Training Time: 1035.7035
Testing Time: 2.1043983
Accuracy: 0.7122302158273381
Precision: 0.8431372549019608
Recall: 0.6615384615384615
