Training Time: 132790.92
Testing Time: 1.8090158
Accuracy: 0.7553956834532374
Precision: 0.8775510204081632
Recall: 0.6615384615384615
