Training Time: 45.454224
Testing Time: 4.0577617
Accuracy: 0.6762589928057554
Precision: 0.8070175438596491
Recall: 0.7076923076923077
