Training Time: 1.3427795
Testing Time: 0.0675184
Accuracy: 0.8109965635738832
Precision: 0.7936507936507936
Recall: 0.5434782608695652
