Training Time: 0.8598279
Testing Time: 0.0302693
Accuracy: 0.7769230769230769
Precision: 0.43243243243243246
Recall: 0.6666666666666666
