Training Time: 19.81007
Testing Time: 0.40737158
Accuracy: 0.7076923076923077
Precision: 0.36538461538461536
Recall: 0.7916666666666666
