Training Time: 1.056706
Testing Time: 0.1651783
Accuracy: 0.7553956834532374
Precision: 1.0
Recall: 0.02857142857142857
