Training Time: 4725.5015
Testing Time: 5.8560214
Accuracy: 0.7482014388489209
Precision: 0.0
Recall: 0.0
