Training Time: 34563.152
Testing Time: 71.27065
Accuracy: 0.7482014388489209
Precision: 0.0
Recall: 0.0
