Training Time: 4.753652
Testing Time: 1.2147973
Accuracy: 0.5374376039933444
Precision: 0.48134328358208955
Recall: 1.0
