Training Time: 25.881123
Testing Time: 0.3715446
Accuracy: 0.8219633943427621
Precision: 0.7079889807162535
Recall: 0.9961240310077519
