Training Time: 10.054897
Testing Time: 0.50137395
Accuracy: 0.8103161397670549
Precision: 0.6967213114754098
Recall: 0.9883720930232558
