Training Time: 0.14373747
Testing Time: 0.7692001
Accuracy: 0.8452579034941764
Precision: 0.7363896848137536
Recall: 0.9961240310077519
