Training Time: 0.6771246
Testing Time: 0.07311209
Accuracy: 0.8097560975609757
Precision: 0.9117647058823529
Recall: 0.93
