Training Time: 1184.1375
Testing Time: 2.6187866
Accuracy: 0.848780487804878
Precision: 0.9029126213592233
Recall: 0.93
