Training Time: 62.342476
Testing Time: 7.298432
Accuracy: 0.8634146341463415
Precision: 0.9207920792079208
Recall: 0.93
