Training Time: 44.663834
Testing Time: 6.2739477
Accuracy: 0.8350515463917526
Precision: 0.84375
Recall: 0.5869565217391305
