Training Time: 1.2512126
Testing Time: 0.086602494
Accuracy: 0.7869415807560137
Precision: 0.7884615384615384
Recall: 0.44565217391304346
