Training Time: 492.15222
Testing Time: 7.3336954
Accuracy: 0.8384879725085911
Precision: 0.9411764705882353
Recall: 0.5217391304347826
