Training Time: 2225.6528
Testing Time: 5.1370807
Accuracy: 0.8556701030927835
Precision: 0.9032258064516129
Recall: 0.6086956521739131
