Training Time: 11.100869
Testing Time: 31.205507
Accuracy: 0.9348888888888889
Precision: 0.9019607843137255
Recall: 0.26285714285714284
