Training Time: 121.678566
Testing Time: 52.50579
Accuracy: 0.9393333333333334
Precision: 0.8771929824561403
Recall: 0.2857142857142857
