Training Time: 585.4354
Testing Time: 45.4202
Accuracy: 0.934
Precision: 0.3333333333333333
Recall: 0.09090909090909091
