Training Time: 111378.59
Testing Time: 48.54648
Accuracy: 0.9393333333333334
Precision: 0.9090909090909091
Recall: 0.22857142857142856
