Training Time: 0.1154916
Testing Time: 0.0206497
Accuracy: 0.53125
Precision: 0.4090909090909091
Recall: 0.34615384615384615
