Training Time: 0.53135717
Testing Time: 0.074403904
Accuracy: 0.7662337662337663
Precision: 0.7272727272727273
Recall: 0.7272727272727273
