Training Time: 1748.4138
Testing Time: 3.797668
Accuracy: 0.6883116883116883
Precision: 0.5918367346938775
Recall: 0.8787878787878788
