Training Time: 17783.479
Testing Time: 31.482418
Accuracy: 0.6883116883116883
Precision: 0.6363636363636364
Recall: 0.6363636363636364
