Training Time: 3757.5999
Testing Time: 38.05757
Accuracy: 0.6883116883116883
Precision: 0.6285714285714286
Recall: 0.6666666666666666
