Training Time: 436.87897
Testing Time: 0.3614391
Accuracy: 0.5454545454545454
Precision: 0.47368421052631576
Recall: 0.5454545454545454
