Training Time: 1.0111763
Testing Time: 0.0397664
Accuracy: 0.5194805194805194
Precision: 0.9333333333333333
Recall: 1.0
