Training Time: 306.80917
Testing Time: 0.64476
Accuracy: 0.525974025974026
Precision: 0.9545454545454546
Recall: 1.0
