Training Time: 133978.16
Testing Time: 2.5105014
Accuracy: 0.577922077922078
Precision: 0.9545454545454546
Recall: 1.0
