Training Time: 13.133117
Testing Time: 0.1812405
Accuracy: 0.4805194805194805
Precision: 0.9318181818181818
Recall: 0.9761904761904762
