Training Time: 1182.0659
Testing Time: 56.57879
Accuracy: 0.5974025974025974
Precision: 0.9545454545454546
Recall: 1.0
