Training Time: 312.00354
Testing Time: 0.1134888
Accuracy: 0.538961038961039
Precision: 0.9545454545454546
Recall: 1.0
