Training Time: 3.7446177
Testing Time: 0.0357506
Accuracy: 0.538961038961039
Precision: 0.9545454545454546
Recall: 1.0
