Training Time: 0.8621558
Testing Time: 0.7113737
Accuracy: 0.9333333333333333
Precision: 0.8095238095238095
Recall: 0.19428571428571428
