Training Time: 121.023155
Testing Time: 49.62198
Accuracy: 0.9315555555555556
Precision: 0.8611111111111112
Recall: 0.17714285714285713
