Training Time: 532.1159
Testing Time: 44.65208
Accuracy: 0.9317777777777778
Precision: 0.6666666666666666
Recall: 0.09090909090909091
