Training Time: 23.676233
Testing Time: 57.351917
Accuracy: 0.9326666666666666
Precision: 0.8
Recall: 0.18285714285714286
