Training Time: 33.050972
Testing Time: 0.7190589
Accuracy: 1.0
Precision: 1.0
Recall: 1.0
