Training Time: 3.006284
Testing Time: 1.5055017
Accuracy: 0.9933333333333333
Precision: 1.0
Recall: 0.9864864864864865
