Training Time: 217.85686
Testing Time: 5.5114846
Accuracy: 0.7766323024054983
Precision: 0.875
Recall: 0.56
