Training Time: 5.168221
Testing Time: 0.42569458
Accuracy: 0.8666666666666667
Precision: 0.9166666666666666
Recall: 0.9166666666666666
