Training Time: 0.0892076
Testing Time: 0.0530462
Accuracy: 0.7666666666666667
Precision: 0.8461538461538461
Recall: 0.9166666666666666
