Training Time: 153.44139
Testing Time: 0.2834169
Accuracy: 0.8666666666666667
Precision: 0.9166666666666666
Recall: 0.9166666666666666
