Training Time: 9846.226
Testing Time: 3.1192117
Accuracy: 0.9
Precision: 0.8461538461538461
Recall: 0.9166666666666666
