Training Time: 6.8206863
Testing Time: 1.1771085
Accuracy: 0.8048780487804879
Precision: 0.93
Recall: 0.93
