Training Time: 0.0389459
Testing Time: 0.0111304
Accuracy: 0.9285714285714286
Precision: 1.0
Recall: 0.8461538461538461
