Training Time: 17.916866
Testing Time: 0.089056894
Accuracy: 0.9285714285714286
Precision: 1.0
Recall: 0.8461538461538461
