Training Time: 31.286894
Testing Time: 1.7219878
Accuracy: 0.9642857142857143
Precision: 1.0
Recall: 0.9230769230769231
