Training Time: 10.465557
Testing Time: 0.0172687
Accuracy: 1.0
Precision: 1.0
Recall: 1.0
