Training Time: 0.4177663
Testing Time: 0.07107569
Accuracy: 1.0
Precision: 1.0
Recall: 1.0
