Training Time: 17.329666
Testing Time: 2.6583343
Accuracy: 0.8556701030927835
Precision: 0.9310344827586207
Recall: 0.5869565217391305
