Training Time: 1.2797706
Testing Time: 0.088007
Accuracy: 0.8006872852233677
Precision: 0.8148148148148148
Recall: 0.4782608695652174
