Training Time: 179631.86
Testing Time: 3.1077318
Accuracy: 0.8762886597938144
Precision: 0.9117647058823529
Recall: 0.6739130434782609
