Training Time: 0.2256864
Testing Time: 0.09788471
Accuracy: 1.0
Precision: 1.0
Recall: 1.0
