Training Time: 5.0814633
Testing Time: 0.2957151
Accuracy: 0.9933333333333333
Precision: 0.9866666666666667
Recall: 1.0
