Training Time: 26.391666
Testing Time: 0.42487732
Accuracy: 0.9733333333333334
Precision: 0.9861111111111112
Recall: 0.9594594594594594
