Training Time: 0.43468517
Testing Time: 0.2177056
Accuracy: 0.9866666666666667
Precision: 0.9864864864864865
Recall: 0.9864864864864865
