Training Time: 9.176552
Testing Time: 0.9856543
Accuracy: 0.6906474820143885
Precision: 0.84
Recall: 0.6461538461538462
