Training Time: 113.67321
Testing Time: 1.4758343
Accuracy: 0.6906474820143885
Precision: 0.9069767441860465
Recall: 0.6
