Training Time: 24.388205
Testing Time: 2.1465874
Accuracy: 0.7122302158273381
Precision: 0.8431372549019608
Recall: 0.6615384615384615
