Training Time: 0.0680638
Testing Time: 0.0343168
Accuracy: 0.6666666666666666
Precision: 0.8461538461538461
Recall: 0.9166666666666666
