Training Time: 185.70647
Testing Time: 1.0500495
Accuracy: 0.8666666666666667
Precision: 0.9166666666666666
Recall: 0.9166666666666666
