Training Time: 3.3053865
Testing Time: 0.105182
Accuracy: 0.8666666666666667
Precision: 0.8461538461538461
Recall: 0.9166666666666666
