Training Time: 2.0283701
Testing Time: 0.26527488
Accuracy: 0.95
Precision: 1.0
Recall: 0.9
