Training Time: 0.0475138
Testing Time: 0.0248639
Accuracy: 0.8
Precision: 0.8
Recall: 0.8
