Training Time: 59.908924
Testing Time: 0.1568187
Accuracy: 1.0
Precision: 1.0
Recall: 1.0
