Training Time: 283.04688
Testing Time: 0.2743193
Accuracy: 0.85
Precision: 0.8181818181818182
Recall: 0.9
