Training Time: 11242.081
Testing Time: 0.77194405
Accuracy: 0.9333333333333333
Precision: 0.9166666666666666
Recall: 0.9166666666666666
