Training Time: 13.447437
Testing Time: 0.7805245
Accuracy: 0.9
Precision: 0.9166666666666666
Recall: 0.9166666666666666
