Training Time: 0.1836464
Testing Time: 0.0473776
Accuracy: 0.9809523809523809
Precision: 0.9090909090909091
Recall: 1.0
