Training Time: 106.07436
Testing Time: 1.0603825
Accuracy: 1.0
Precision: 1.0
Recall: 1.0
