Training Time: 16.563705
Testing Time: 2.683925
Accuracy: 1.0
Precision: 1.0
Recall: 1.0
