Training Time: 1.2390232
Testing Time: 0.2676407
Accuracy: 0.7482014388489209
Precision: 0.0
Recall: 0.0
