Training Time: 6392.7935
Testing Time: 6.5721684
Accuracy: 0.7482014388489209
Precision: 0.0
Recall: 0.0
