Training Time: 4.525646
Testing Time: 0.0522453
Accuracy: 0.9285714285714286
Precision: 1.0
Recall: 0.8461538461538461
