Training Time: 15.752066
Testing Time: 0.0151652
Accuracy: 0.9285714285714286
Precision: 0.9230769230769231
Recall: 0.9230769230769231
