Training Time: 0.284361
Testing Time: 0.0187183
Accuracy: 0.9642857142857143
Precision: 1.0
Recall: 0.9230769230769231
