Training Time: 4.1319685
Testing Time: 0.0327489
Accuracy: 0.85
Precision: 0.8888888888888888
Recall: 0.8
