Training Time: 0.0497009
Testing Time: 0.0256264
Accuracy: 0.8
Precision: 0.8
Recall: 0.8
