Training Time: 646.77594
Testing Time: 0.2765056
Accuracy: 0.85
Precision: 0.8181818181818182
Recall: 0.9
