Training Time: 7.3970494
Testing Time: 0.0681837
Accuracy: 0.9
Precision: 0.9
Recall: 0.9
