Training Time: 8.823826
Testing Time: 1.2236408
Accuracy: 0.5584415584415584
Precision: 1.0
Recall: 0.5
