Training Time: 133.07419
Testing Time: 0.8616706
Accuracy: 0.5584415584415584
Precision: 1.0
Recall: 0.5
