Training Time: 1181.8817
Testing Time: 0.5063892
Accuracy: 0.5584415584415584
Precision: 1.0
Recall: 0.5
