Training Time: 243.40628
Testing Time: 17.0233
Accuracy: 0.5584415584415584
Precision: 0.8
Recall: 0.5
