Training Time: 3644.3303
Testing Time: 3.6698143
Accuracy: 0.5584415584415584
Precision: 1.0
Recall: 0.5
