Training Time: 3.9984615
Testing Time: 0.57139987
Accuracy: 0.7609756097560976
Precision: 0.8780487804878049
Recall: 1.0
