Training Time: 55.57623
Testing Time: 1.2674155
Accuracy: 0.7853658536585366
Precision: 0.8780487804878049
Recall: 1.0
