Training Time: 283.23242
Testing Time: 0.8417065
Accuracy: 0.7463414634146341
Precision: 0.8765432098765432
Recall: 0.9861111111111112
