Training Time: 3.7206068
Testing Time: 0.0441953
Accuracy: 0.7902439024390244
Precision: 0.8780487804878049
Recall: 1.0
