Training Time: 527.53925
Testing Time: 5.22655
Accuracy: 0.6666666666666666
Precision: 0.7333333333333333
Recall: 0.9166666666666666
