Training Time: 9213.709
Testing Time: 0.4843773
Accuracy: 0.4666666666666667
Precision: 0.4782608695652174
Recall: 0.9166666666666666
