Training Time: 6.340018
Testing Time: 0.0459805
Accuracy: 0.4
Precision: 0.5714285714285714
Recall: 0.3333333333333333
