Training Time: 156.02582
Testing Time: 2.2760236
Accuracy: 0.8333333333333334
Precision: 0.7857142857142857
Recall: 0.9166666666666666
