Training Time: 4.6974487
Testing Time: 0.19027501
Accuracy: 0.85
Precision: 1.0
Recall: 0.7
