Training Time: 0.0495456
Testing Time: 0.0226414
Accuracy: 0.85
Precision: 0.8181818181818182
Recall: 0.9
