Training Time: 143.53017
Testing Time: 0.1816952
Accuracy: 0.85
Precision: 0.8181818181818182
Recall: 0.9
