Training Time: 4735.159
Testing Time: 1.1876309
Accuracy: 0.9
Precision: 0.8333333333333334
Recall: 1.0
