Training Time: 7.846619
Testing Time: 0.3487192
Accuracy: 0.9
Precision: 1.0
Recall: 0.8
