Training Time: 0.6519788
Testing Time: 0.0217027
Accuracy: 0.65
Precision: 0.8
Recall: 0.4
