Training Time: 10.113467
Testing Time: 0.0483647
Accuracy: 0.65
Precision: 0.7142857142857143
Recall: 0.5
