Training Time: 38.085926
Testing Time: 0.0467331
Accuracy: 0.65
Precision: 0.6363636363636364
Recall: 0.7
