Training Time: 0.6047297
Testing Time: 0.0144034
Accuracy: 0.65
Precision: 0.7142857142857143
Recall: 0.5
