Training Time: 1.1116335
Testing Time: 0.1054847
Accuracy: 0.9135135135135135
Precision: 0.8623188405797102
Recall: 0.9015151515151515
