Training Time: 193181.36
Testing Time: 156.62758
Accuracy: 0.9540540540540541
Precision: 0.9136690647482014
Recall: 0.9621212121212122
