Training Time: 219.99991
Testing Time: 31.053564
Accuracy: 0.9594594594594594
Precision: 0.927007299270073
Recall: 0.9621212121212122
