Training Time: 3992.7212
Testing Time: 171.15923
Accuracy: 0.9594594594594594
Precision: 0.9534883720930233
Recall: 0.9318181818181818
