Training Time: 494.96417
Testing Time: 0.20474209
Accuracy: 0.9351351351351351
Precision: 0.8913043478260869
Recall: 0.9318181818181818
