Training Time: 394.51755
Testing Time: 5.187949
Accuracy: 0.5584415584415584
Precision: 1.0
Recall: 0.5
