Training Time: 5456.6733
Testing Time: 5.5497694
Accuracy: 0.5844155844155844
Precision: 1.0
Recall: 0.5
