Training Time: 888.5265
Testing Time: 0.9586194
Accuracy: 0.9333333333333333
Precision: 0.8636363636363636
Recall: 0.95
