Training Time: 14.632596
Testing Time: 1.4847901
Accuracy: 0.95
Precision: 0.8695652173913043
Recall: 1.0
