Training Time: 22.536135
Testing Time: 1.6802225
Accuracy: 0.525974025974026
Precision: 0.9545454545454546
Recall: 1.0
