Training Time: 270.37082
Testing Time: 2.6381521
Accuracy: 0.551948051948052
Precision: 0.9545454545454546
Recall: 1.0
