Training Time: 1548.4313
Testing Time: 3.1502292
Accuracy: 0.512987012987013
Precision: 0.9545454545454546
Recall: 1.0
