Training Time: 0.32883868
Testing Time: 0.1558856
Accuracy: 0.9866666666666667
Precision: 0.9736842105263158
Recall: 1.0
