Training Time: 8.41295
Testing Time: 0.26340088
Accuracy: 1.0
Precision: 1.0
Recall: 1.0
