Training Time: 0.6461824
Testing Time: 0.2365941
Accuracy: 0.9933333333333333
Precision: 0.9866666666666667
Recall: 1.0
