Training Time: 21.196175
Testing Time: 0.0502571
Accuracy: 0.8466666666666667
Precision: 0.8923076923076924
Recall: 0.7837837837837838
