Training Time: 0.3809818
Testing Time: 0.084644295
Accuracy: 0.9733333333333334
Precision: 0.9861111111111112
Recall: 0.9594594594594594
