Training Time: 1.2756178
Testing Time: 1.1783938
Accuracy: 0.9866666666666667
Precision: 0.9864864864864865
Recall: 0.9864864864864865
