Training Time: 0.0791313
Testing Time: 0.0639874
Accuracy: 0.9466666666666667
Precision: 0.9459459459459459
Recall: 0.9459459459459459
