Training Time: 3.0867152
Testing Time: 1.6317147
Accuracy: 0.9933333333333333
Precision: 1.0
Recall: 0.9864864864864865
