Training Time: 165.14333
Testing Time: 0.8513265
Accuracy: 0.8144329896907216
Precision: 0.8166666666666667
Recall: 0.532608695652174
