Training Time: 152356.44
Testing Time: 1.3897187
Accuracy: 0.8350515463917526
Precision: 0.8928571428571429
Recall: 0.5434782608695652
