Training Time: 5.239796
Testing Time: 0.4404904
Accuracy: 0.42955326460481097
Precision: 0.3445378151260504
Recall: 0.8913043478260869
