Training Time: 5.168718
Testing Time: 0.96141154
Accuracy: 0.9307692307692308
Precision: 0.7777777777777778
Recall: 0.875
