Training Time: 131.62674
Testing Time: 1.0462133
Accuracy: 0.9153846153846154
Precision: 0.696969696969697
Recall: 0.9583333333333334
