Training Time: 28830.902
Testing Time: 1.6546358
Accuracy: 0.84
Precision: 0.6296296296296297
Recall: 0.8947368421052632
