Training Time: 7.376525
Testing Time: 1.1743975
Accuracy: 0.89
Precision: 0.6923076923076923
Recall: 0.9473684210526315
