Training Time: 136.41115
Testing Time: 0.2105848
Accuracy: 0.89
Precision: 0.8181818181818182
Recall: 0.9473684210526315
