Training Time: 2.0358143
Testing Time: 0.16202979
Accuracy: 0.7804878048780488
Precision: 0.8674698795180723
Recall: 1.0
