Training Time: 0.7723024
Testing Time: 0.0515496
Accuracy: 0.824390243902439
Precision: 0.8780487804878049
Recall: 1.0
