Training Time: 145.70554
Testing Time: 0.35033768
Accuracy: 0.7804878048780488
Precision: 0.8780487804878049
Recall: 1.0
