Training Time: 263.11017
Testing Time: 57.235584
Accuracy: 0.9675675675675676
Precision: 0.9477611940298507
Recall: 0.9621212121212122
