Training Time: 1.4163214
Testing Time: 0.20159529
Accuracy: 0.9081081081081082
Precision: 0.8356164383561644
Recall: 0.9242424242424242
