Training Time: 13361.573
Testing Time: 72.63305
Accuracy: 0.9648648648648649
Precision: 0.9407407407407408
Recall: 0.9621212121212122
