Training Time: 1396.7144
Testing Time: 86.93613
Accuracy: 0.9702702702702702
Precision: 0.9481481481481482
Recall: 0.9696969696969697
