Training Time: 162.52383
Testing Time: 349.83646
Accuracy: 0.9930240103828682
Precision: 0.9844236760124611
Recall: 0.9503759398496241
