Training Time: 1648.2808
Testing Time: 188.6079
Accuracy: 0.9923750811161584
Precision: 0.9768518518518519
Recall: 0.9518796992481203
