Training Time: 0.9614424
Testing Time: 0.0385569
Accuracy: 0.538961038961039
Precision: 0.9545454545454546
Recall: 1.0
