Training Time: 29.459621
Testing Time: 0.7337035
Accuracy: 0.512987012987013
Precision: 0.9545454545454546
Recall: 1.0
