Training Time: 163.41309
Testing Time: 0.3451001
Accuracy: 0.538961038961039
Precision: 0.9545454545454546
Recall: 1.0
