Training Time: 5.2828493
Testing Time: 0.096727
Accuracy: 0.44805194805194803
Precision: 0.9545454545454546
Recall: 1.0
