Training Time: 0.7875556
Testing Time: 0.0102153
Accuracy: 0.4666666666666667
Precision: 0.7142857142857143
Recall: 0.4166666666666667
