Training Time: 0.0709821
Testing Time: 0.0189649
Accuracy: 0.5
Precision: 0.5
Recall: 0.75
