Training Time: 21.62447
Testing Time: 0.13468969
Accuracy: 0.43333333333333335
Precision: 0.5
Recall: 0.5833333333333334
