Training Time: 147.6765
Testing Time: 0.87849474
Accuracy: 0.5666666666666667
Precision: 0.7272727272727273
Recall: 0.6666666666666666
