Training Time: 0.76395464
Testing Time: 0.0449208
Accuracy: 0.5584415584415584
Precision: 0.391304347826087
Recall: 0.3103448275862069
