Training Time: 1.3976413
Testing Time: 0.1039196
Accuracy: 0.7391304347826086
Precision: 0.7087378640776699
Recall: 0.6347826086956522
