Training Time: 1.0601984
Testing Time: 0.2744304
Accuracy: 1.0
Precision: 1.0
Recall: 1.0
