Training Time: 0.0441045
Testing Time: 0.0145206
Accuracy: 0.8571428571428571
Precision: 0.8461538461538461
Recall: 0.8461538461538461
