Training Time: 84.84214
Testing Time: 0.0568152
Accuracy: 0.9285714285714286
Precision: 1.0
Recall: 0.8461538461538461
