Training Time: 5231.1924
Testing Time: 0.1325816
Accuracy: 0.9642857142857143
Precision: 0.9285714285714286
Recall: 1.0
