Training Time: 2.2030487
Testing Time: 0.3154052
Accuracy: 1.0
Precision: 1.0
Recall: 1.0
