Training Time: 0.082729906
Testing Time: 0.0090718
Accuracy: 0.4444444444444444
Precision: 0.42105263157894735
Recall: 0.2962962962962963
