Training Time: 1492.3741
Testing Time: 169.94716
Accuracy: 0.9910772225827384
Precision: 0.9780564263322884
Recall: 0.9383458646616541
