Training Time: 13.41025
Testing Time: 2.2483463
Accuracy: 0.775609756097561
Precision: 0.8875
Recall: 0.9861111111111112
