Training Time: 0.9759383
Testing Time: 0.0661806
Accuracy: 0.751219512195122
Precision: 0.8780487804878049
Recall: 1.0
