Training Time: 179.68152
Testing Time: 3.533517
Accuracy: 0.7951219512195122
Precision: 0.8780487804878049
Recall: 1.0
