Training Time: 17.987917
Testing Time: 0.3671391
Accuracy: 0.7307692307692307
Precision: 0.3829787234042553
Recall: 0.75
