Training Time: 91.65223
Testing Time: 0.15230621
Accuracy: 0.6230769230769231
Precision: 0.2807017543859649
Recall: 0.6666666666666666
