Training Time: 5.1847343
Testing Time: 1.761005
Accuracy: 0.9615384615384616
Precision: 0.88
Recall: 0.9166666666666666
