Training Time: 0.0787952
Testing Time: 0.1273254
Accuracy: 0.7769230769230769
Precision: 0.43902439024390244
Recall: 0.75
