Training Time: 893.0627
Testing Time: 17.17257
Accuracy: 0.8615384615384616
Precision: 0.59375
Recall: 0.7916666666666666
