Training Time: 9085.031
Testing Time: 1.2509547
Accuracy: 0.8769230769230769
Precision: 0.6333333333333333
Recall: 0.7916666666666666
