Training Time: 10.17154
Testing Time: 3.583858
Accuracy: 0.9615384615384616
Precision: 0.88
Recall: 0.9166666666666666
