Training Time: 1.4095358
Testing Time: 0.5806254
Accuracy: 1.0
Precision: 1.0
Recall: 1.0
