Training Time: 2.573046
Testing Time: 0.6754477
Accuracy: 0.9
Precision: 0.9090909090909091
Recall: 1.0
