Training Time: 54.759666
Testing Time: 0.40084392
Accuracy: 0.9
Precision: 0.9090909090909091
Recall: 1.0
