Training Time: 215.4392
Testing Time: 0.160135
Accuracy: 0.8833333333333333
Precision: 0.8695652173913043
Recall: 1.0
