Training Time: 6.8169794
Testing Time: 0.99325955
Accuracy: 0.8833333333333333
Precision: 0.9090909090909091
Recall: 1.0
