Training Time: 0.3556547
Testing Time: 0.103192
Accuracy: 0.9575163398692811
Precision: 0.9885057471264368
Recall: 0.9885057471264368
