Training Time: 0.0240998
Testing Time: 0.0838077
Accuracy: 0.9117647058823529
Precision: 0.9333333333333333
Recall: 0.9655172413793104
