Training Time: 35.496876
Testing Time: 0.9410677
Accuracy: 0.9575163398692811
Precision: 0.9534883720930233
Recall: 0.9425287356321839
