Training Time: 3206.7922
Testing Time: 2.5879025
Accuracy: 0.8366013071895425
Precision: 0.9885057471264368
Recall: 0.9885057471264368
