Training Time: 0.0900314
Testing Time: 0.0022467
Accuracy: 0.5
Precision: 0.5
Recall: 0.3
