Training Time: 0.0394582
Testing Time: 0.006996
Accuracy: 0.55
Precision: 0.5454545454545454
Recall: 0.6
