Training Time: 0.1415554
Testing Time: 0.0037177
Accuracy: 0.5
Precision: 0.5
Recall: 0.3
