Training Time: 0.7569397
Testing Time: 0.0746204
Accuracy: 1.0
Precision: 1.0
Recall: 1.0
