Training Time: 0.0394288
Testing Time: 0.0156976
Accuracy: 0.8
Precision: 0.8
Recall: 0.8
