Training Time: 99.39638
Testing Time: 0.1117016
Accuracy: 0.95
Precision: 1.0
Recall: 0.9
