Training Time: 0.8636002
Testing Time: 0.0482147
Accuracy: 0.824390243902439
Precision: 0.9029126213592233
Recall: 0.93
