Training Time: 117014.016
Testing Time: 19.405453
Accuracy: 0.7951219512195122
Precision: 0.9207920792079208
Recall: 0.93
