Training Time: 3.1162443
Testing Time: 0.28608772
Accuracy: 0.8195121951219512
Precision: 0.8932038834951457
Recall: 0.92
