Training Time: 0.0326852
Testing Time: 0.0419691
Accuracy: 0.7679738562091504
Precision: 0.8939393939393939
Recall: 0.6781609195402298
