Training Time: 0.0275649
Testing Time: 0.0291504
Accuracy: 0.7254901960784313
Precision: 0.9240506329113924
Recall: 0.8390804597701149
