Training Time: 1.1986781
Testing Time: 0.2869178
Accuracy: 0.7647058823529411
Precision: 0.9152542372881356
Recall: 0.6206896551724138
