Training Time: 3.2803392
Testing Time: 0.3574951
Accuracy: 0.8169934640522876
Precision: 0.8913043478260869
Recall: 0.9425287356321839
