Training Time: 0.0561213
Testing Time: 0.0741758
Accuracy: 0.7745098039215687
Precision: 0.9264705882352942
Recall: 0.7241379310344828
