Training Time: 2.8124006
Testing Time: 0.0347667
Accuracy: 0.75
Precision: 1.0
Recall: 0.5
