Training Time: 4220.71
Testing Time: 0.2354124
Accuracy: 0.7
Precision: 0.8333333333333334
Recall: 0.5
