Training Time: 4.945852
Testing Time: 0.112647
Accuracy: 0.75
Precision: 0.8571428571428571
Recall: 0.6
