Training Time: 78.3128
Testing Time: 193.1807
Accuracy: 0.9413333333333334
Precision: 0.8461538461538461
Recall: 0.25142857142857145
