Training Time: 1.2349613
Testing Time: 1.8748295
Accuracy: 0.9302222222222222
Precision: 0.7391304347826086
Recall: 0.19428571428571428
