Training Time: 786.06354
Testing Time: 111.450134
Accuracy: 0.9422222222222222
Precision: 0.7746478873239436
Recall: 0.3142857142857143
