Training Time: 202.13356
Testing Time: 517.92725
Accuracy: 0.9422222222222222
Precision: 0.8103448275862069
Recall: 0.26857142857142857
