Training Time: 0.6398338
Testing Time: 0.0659278
Accuracy: 0.9
Precision: 0.9166666666666666
Recall: 0.9166666666666666
