Training Time: 89.70205
Testing Time: 0.0342243
Accuracy: 0.8666666666666667
Precision: 0.9166666666666666
Recall: 0.9166666666666666
