Training Time: 8030.1396
Testing Time: 2.881984
Accuracy: 0.9
Precision: 0.8461538461538461
Recall: 0.9166666666666666
