Training Time: 1.6851455
Testing Time: 0.099337
Accuracy: 0.9
Precision: 0.9166666666666666
Recall: 0.9166666666666666
