Training Time: 585.1315
Testing Time: 18.884369
Accuracy: 0.7482014388489209
Precision: 0.0
Recall: 0.0
