Training Time: 5369.6943
Testing Time: 5.603112
Accuracy: 0.7482014388489209
Precision: 0.0
Recall: 0.0
