Training Time: 54362.727
Testing Time: 215.93951
Accuracy: 0.7482014388489209
Precision: 0.0
Recall: 0.0
