Training Time: 124494.484
Testing Time: 2.0911348
Accuracy: 0.7482014388489209
Precision: 0.0
Recall: 0.0
