Training Time: 2.3769164
Testing Time: 0.1464943
Accuracy: 0.5454545454545454
Precision: 0.39285714285714285
Recall: 0.3793103448275862
