Training Time: 0.67152333
Testing Time: 0.0403332
Accuracy: 0.5844155844155844
Precision: 0.6111111111111112
Recall: 0.3793103448275862
