Training Time: 184.63383
Testing Time: 0.92309886
Accuracy: 0.538961038961039
Precision: 0.4444444444444444
Recall: 0.27586206896551724
