Training Time: 5.583009
Testing Time: 0.59078807
Accuracy: 0.4805194805194805
Precision: 0.3939393939393939
Recall: 0.4482758620689655
