Training Time: 0.0372337
Testing Time: 0.2765853
Accuracy: 0.9183006535947712
Precision: 0.9247311827956989
Recall: 0.9885057471264368
