Training Time: 209.54597
Testing Time: 2.331276
Accuracy: 0.9575163398692811
Precision: 0.9666666666666667
Recall: 1.0
