Training Time: 115.83496
Testing Time: 4.003734
Accuracy: 0.7402597402597403
Precision: 0.6382978723404256
Recall: 0.9090909090909091
