Training Time: 0.62670255
Testing Time: 0.1347731
Accuracy: 0.8441558441558441
Precision: 0.8181818181818182
Recall: 0.8181818181818182
