Training Time: 1725.4453
Testing Time: 4.291303
Accuracy: 0.7922077922077922
Precision: 0.7428571428571429
Recall: 0.7878787878787878
