Training Time: 16453.338
Testing Time: 30.15513
Accuracy: 0.7402597402597403
Precision: 0.6666666666666666
Recall: 0.7878787878787878
