Training Time: 352.42847
Testing Time: 11.959393
Accuracy: 0.7012987012987013
Precision: 0.6086956521739131
Recall: 0.8484848484848485
