Training Time: 3743.0396
Testing Time: 38.569584
Accuracy: 0.8311688311688312
Precision: 0.8571428571428571
Recall: 0.7272727272727273
