Training Time: 4.594849
Testing Time: 0.3428194
Accuracy: 0.5909090909090909
Precision: 0.3888888888888889
Recall: 0.2413793103448276
