Training Time: 58.004414
Testing Time: 0.9290449
Accuracy: 0.6168831168831169
Precision: 0.5
Recall: 0.2413793103448276
