Training Time: 243.39738
Testing Time: 1.1361121
Accuracy: 0.5584415584415584
Precision: 0.4
Recall: 0.27586206896551724
