Training Time: 13.197607
Testing Time: 0.9763887
Accuracy: 0.5454545454545454
Precision: 0.3888888888888889
Recall: 0.2413793103448276
