Training Time: 996.88245
Testing Time: 52.970573
Accuracy: 0.5584415584415584
Precision: 0.391304347826087
Recall: 0.3103448275862069
