Training Time: 2.3859828
Testing Time: 0.0339662
Accuracy: 0.551948051948052
Precision: 0.44
Recall: 0.3793103448275862
