Training Time: 0.1381727
Testing Time: 0.0674598
Accuracy: 0.8833333333333333
Precision: 0.7916666666666666
Recall: 0.95
