Training Time: 1698.0719
Testing Time: 1.4854271
Accuracy: 0.95
Precision: 0.8695652173913043
Recall: 1.0
