Training Time: 46.456608
Testing Time: 2.6745067
Accuracy: 0.9
Precision: 0.8695652173913043
Recall: 1.0
