Training Time: 4.3129897
Testing Time: 0.4388666
Accuracy: 0.525974025974026
Precision: 0.30434782608695654
Recall: 0.2413793103448276
