Training Time: 56.61777
Testing Time: 0.9708198
Accuracy: 0.5844155844155844
Precision: 0.4666666666666667
Recall: 0.2413793103448276
