Training Time: 251.08272
Testing Time: 0.6005595
Accuracy: 0.5584415584415584
Precision: 0.47368421052631576
Recall: 0.3103448275862069
