Training Time: 119100.29
Testing Time: 1.0222881
Accuracy: 0.5974025974025974
Precision: 0.5384615384615384
Recall: 0.2413793103448276
