Training Time: 14.276446
Testing Time: 1.2449886
Accuracy: 0.5584415584415584
Precision: 0.38095238095238093
Recall: 0.27586206896551724
