Training Time: 203.828
Testing Time: 0.0391122
Accuracy: 0.5584415584415584
Precision: 0.38095238095238093
Recall: 0.27586206896551724
