Training Time: 2.8999813
Testing Time: 0.0346564
Accuracy: 0.525974025974026
Precision: 0.30434782608695654
Recall: 0.2413793103448276
