Training Time: 7.850231
Testing Time: 0.22496621
Accuracy: 0.6116838487972509
Precision: 0.6428571428571429
Recall: 0.216
