Training Time: 7.922331
Testing Time: 0.9401006
Accuracy: 0.95
Precision: 1.0
Recall: 0.9
