Training Time: 0.1085166
Testing Time: 0.0698464
Accuracy: 0.9
Precision: 0.8333333333333334
Recall: 1.0
