Training Time: 235.31439
Testing Time: 0.2602225
Accuracy: 1.0
Precision: 1.0
Recall: 1.0
