Training Time: 5668.904
Testing Time: 1.7665254
Accuracy: 0.8
Precision: 0.7142857142857143
Recall: 1.0
