Training Time: 12.270834
Testing Time: 0.6169642
Accuracy: 0.95
Precision: 1.0
Recall: 0.9
