Training Time: 3661.493
Testing Time: 1.34702
Accuracy: 0.9
Precision: 0.8333333333333334
Recall: 1.0
