Training Time: 37.76488
Testing Time: 0.1888369
Accuracy: 0.75
Precision: 0.6666666666666666
Recall: 1.0
