Training Time: 8.484752
Testing Time: 1.9148602
Accuracy: 0.9
Precision: 0.8333333333333334
Recall: 1.0
