Training Time: 0.3958929
Testing Time: 0.1074102
Accuracy: 0.9133333333333333
Precision: 0.9178082191780822
Recall: 0.9054054054054054
