Training Time: 9.12734
Testing Time: 0.35614702
Accuracy: 0.8933333333333333
Precision: 0.8918918918918919
Recall: 0.8918918918918919
