Training Time: 50.31142
Testing Time: 0.129738
Accuracy: 0.9333333333333333
Precision: 0.9210526315789473
Recall: 0.9459459459459459
