Training Time: 0.8338269
Testing Time: 0.2608254
Accuracy: 0.9
Precision: 0.9041095890410958
Recall: 0.8918918918918919
