Training Time: 25.774162
Testing Time: 13.457978
Accuracy: 0.8533333333333334
Precision: 0.825
Recall: 0.8918918918918919
