Training Time: 18.65218
Testing Time: 0.0488686
Accuracy: 0.8866666666666667
Precision: 0.8701298701298701
Recall: 0.9054054054054054
