Training Time: 0.20197889
Testing Time: 0.0986002
Accuracy: 0.9333333333333333
Precision: 0.9444444444444444
Recall: 0.918918918918919
