Training Time: 425.45294
Testing Time: 0.82380694
Accuracy: 0.8833333333333333
Precision: 0.7407407407407407
Recall: 1.0
