Training Time: 1783.9387
Testing Time: 1.3229188
Accuracy: 0.8833333333333333
Precision: 0.7407407407407407
Recall: 1.0
