Training Time: 36.221893
Testing Time: 2.164423
Accuracy: 0.8666666666666667
Precision: 0.7142857142857143
Recall: 1.0
