Training Time: 1.2994437
Testing Time: 0.0704221
Accuracy: 0.7608695652173914
Precision: 0.7692307692307693
Recall: 0.6086956521739131
