Training Time: 145.12164
Testing Time: 3.8971977
Accuracy: 0.7246376811594203
Precision: 0.8095238095238095
Recall: 0.4434782608695652
