Training Time: 884.44995
Testing Time: 4.142123
Accuracy: 0.7608695652173914
Precision: 0.788235294117647
Recall: 0.5826086956521739
