Training Time: 31.54236
Testing Time: 3.1764317
Accuracy: 0.717391304347826
Precision: 0.7681159420289855
Recall: 0.4608695652173913
