Training Time: 0.45487893
Testing Time: 0.108555
Accuracy: 0.8518518518518519
Precision: 0.9523809523809523
Recall: 0.7407407407407407
