Training Time: 0.1020114
Testing Time: 0.0390861
Accuracy: 0.42592592592592593
Precision: 0.4166666666666667
Recall: 0.37037037037037035
