Training Time: 100.44741
Testing Time: 0.4849518
Accuracy: 0.6296296296296297
Precision: 0.6296296296296297
Recall: 0.6296296296296297
