Training Time: 1.5857223
Testing Time: 0.1694812
Accuracy: 0.8518518518518519
Precision: 0.9523809523809523
Recall: 0.7407407407407407
