Training Time: 72.714935
Testing Time: 0.7845241
Accuracy: 0.578125
Precision: 0.48
Recall: 0.46153846153846156
