Training Time: 5.4727774
Testing Time: 0.19194259
Accuracy: 0.525974025974026
Precision: 0.9545454545454546
Recall: 1.0
