Training Time: 414.6912
Testing Time: 1.6946642
Accuracy: 0.525974025974026
Precision: 0.9545454545454546
Recall: 1.0
