Training Time: 13.9623785
Testing Time: 0.9964317
Accuracy: 0.538961038961039
Precision: 0.9545454545454546
Recall: 1.0
