Training Time: 3.507519
Testing Time: 0.0377305
Accuracy: 0.5194805194805194
Precision: 0.9333333333333333
Recall: 1.0
