Training Time: 4.670401
Testing Time: 1.3038292
Accuracy: 1.0
Precision: 1.0
Recall: 1.0
