Training Time: 0.1918089
Testing Time: 0.0434972
Accuracy: 1.0
Precision: 1.0
Recall: 1.0
