Training Time: 32453.633
Testing Time: 9.372378
Accuracy: 0.9714285714285714
Precision: 1.0
Recall: 1.0
