Training Time: 14.483585
Testing Time: 2.199788
Accuracy: 1.0
Precision: 1.0
Recall: 1.0
