Training Time: 1.8499975
Testing Time: 0.1359863
Accuracy: 0.7835051546391752
Precision: 0.6629213483146067
Recall: 0.6413043478260869
