Training Time: 30.229998
Testing Time: 0.91876924
Accuracy: 0.8006872852233677
Precision: 0.9473684210526315
Recall: 0.391304347826087
