Training Time: 128.77995
Testing Time: 0.3944742
Accuracy: 0.865979381443299
Precision: 0.8732394366197183
Recall: 0.6739130434782609
