Training Time: 10.396061
Testing Time: 1.9766092
Accuracy: 0.7707317073170732
Precision: 0.8780487804878049
Recall: 1.0
