Training Time: 149.13632
Testing Time: 2.759046
Accuracy: 0.751219512195122
Precision: 0.8780487804878049
Recall: 1.0
