Training Time: 32.635838
Testing Time: 4.418463
Accuracy: 0.7658536585365854
Precision: 0.8780487804878049
Recall: 1.0
