Training Time: 0.87563056
Testing Time: 0.4035758
Accuracy: 0.9333333333333333
Precision: 0.9324324324324325
Recall: 0.9324324324324325
