Training Time: 111.636734
Testing Time: 3.499545
Accuracy: 0.8666666666666667
Precision: 0.8552631578947368
Recall: 0.8783783783783784
