Training Time: 2.0925972
Testing Time: 1.0772964
Accuracy: 0.9466666666666667
Precision: 0.9459459459459459
Recall: 0.9459459459459459
