Training Time: 35.180077
Testing Time: 3.446886
Accuracy: 0.5584415584415584
Precision: 1.0
Recall: 0.5
