Training Time: 520.88696
Testing Time: 1.6810131
Accuracy: 0.5584415584415584
Precision: 1.0
Recall: 0.5
