Training Time: 297.90103
Testing Time: 508.1774
Accuracy: 0.9941596365996106
Precision: 0.9952755905511811
Recall: 0.9503759398496241
