Training Time: 2820.7644
Testing Time: 263.91953
Accuracy: 0.9935107073329007
Precision: 0.9905808477237049
Recall: 0.9488721804511279
