Training Time: 0.8483429
Testing Time: 0.18946621
Accuracy: 0.5925925925925926
Precision: 0.6470588235294118
Recall: 0.4074074074074074
