Training Time: 0.012007
Testing Time: 0.214957
Accuracy: 0.4074074074074074
Precision: 0.3076923076923077
Recall: 0.14814814814814814
