Training Time: 153.26653
Testing Time: 0.14062311
Accuracy: 0.5925925925925926
Precision: 0.6086956521739131
Recall: 0.5185185185185185
