Training Time: 2.9496667
Testing Time: 0.3729466
Accuracy: 0.5925925925925926
Precision: 0.6470588235294118
Recall: 0.4074074074074074
