Training Time: 33.135807
Testing Time: 0.0275248
Accuracy: 0.6666666666666666
Precision: 0.6216216216216216
Recall: 0.8518518518518519
