Training Time: 4.9402347
Testing Time: 1.2062937
Accuracy: 0.95
Precision: 0.9090909090909091
Recall: 1.0
