Training Time: 0.075874895
Testing Time: 0.0253206
Accuracy: 0.9
Precision: 0.8181818181818182
Recall: 0.9
