Training Time: 599.41144
Testing Time: 0.4505805
Accuracy: 0.8833333333333333
Precision: 0.7407407407407407
Recall: 1.0
