Training Time: 9.947817
Testing Time: 1.2148111
Accuracy: 0.9666666666666667
Precision: 0.9523809523809523
Recall: 1.0
