Training Time: 15.767778
Testing Time: 0.1286976
Accuracy: 0.59375
Precision: 0.5
Recall: 0.5
