Training Time: 0.1972326
Testing Time: 0.1013234
Accuracy: 0.453125
Precision: 0.23529411764705882
Recall: 0.15384615384615385
