Training Time: 35.14796
Testing Time: 0.5000634
Accuracy: 0.640625
Precision: 0.5714285714285714
Recall: 0.46153846153846156
