Training Time: 231.55132
Testing Time: 56.523155
Accuracy: 0.9342222222222222
Precision: 0.7246376811594203
Recall: 0.2857142857142857
