Training Time: 1035.274
Testing Time: 44.726944
Accuracy: 0.9366666666666666
Precision: 0.2
Recall: 0.045454545454545456
