Training Time: 56.631824
Testing Time: 124.10002
Accuracy: 0.9344444444444444
Precision: 0.8103448275862069
Recall: 0.26857142857142857
