Training Time: 0.0469334
Testing Time: 0.0095016
Accuracy: 0.7
Precision: 0.9166666666666666
Recall: 0.9166666666666666
