Training Time: 19.92845
Testing Time: 0.1086218
Accuracy: 0.8666666666666667
Precision: 0.9166666666666666
Recall: 0.9166666666666666
