Training Time: 0.011715
Testing Time: 0.165352
Accuracy: 0.9333333333333333
Precision: 0.9166666666666666
Recall: 0.9166666666666666
