Training Time: 90.36164
Testing Time: 1.0839845
Accuracy: 0.8333333333333334
Precision: 0.9166666666666666
Recall: 0.9166666666666666
