Training Time: 1709.5139
Testing Time: 2.43334
Accuracy: 0.5584415584415584
Precision: 1.0
Recall: 0.5
