Training Time: 374.94702
Testing Time: 8.326507
Accuracy: 0.5584415584415584
Precision: 1.0
Recall: 0.5
