Training Time: 452.59613
Testing Time: 0.2409456
Accuracy: 0.5714285714285714
Precision: 1.0
Recall: 0.625
