Training Time: 224.07451
Testing Time: 3.4810047
Accuracy: 0.6363636363636364
Precision: 1.0
Recall: 0.5
