Training Time: 1.1738288
Testing Time: 1.1994307
Accuracy: 0.9931862426995457
Precision: 0.9984
Recall: 0.9383458646616541
