Training Time: 356.56195
Testing Time: 4.1855116
Accuracy: 0.9914016872160935
Precision: 0.9693251533742331
Recall: 0.9503759398496241
