Training Time: 1.5363613
Testing Time: 1.6124284
Accuracy: 0.9738805970149254
Precision: 0.9390243902439024
Recall: 0.8105263157894737
