Training Time: 110.867805
Testing Time: 0.6326102
Accuracy: 0.9920506164828033
Precision: 0.9516129032258065
Recall: 0.9759398496240601
