Training Time: 0.8472492
Testing Time: 0.142365
Accuracy: 0.7792207792207793
Precision: 0.7142857142857143
Recall: 0.625
