Training Time: 5438.681
Testing Time: 5.797992
Accuracy: 0.5584415584415584
Precision: 1.0
Recall: 0.5
