Training Time: 1159.9714
Testing Time: 12.933744
Accuracy: 0.5584415584415584
Precision: 1.0
Recall: 0.5
