Training Time: 0.8832071
Testing Time: 0.57900834
Accuracy: 0.9297777777777778
Precision: 0.8181818181818182
Recall: 0.15428571428571428
