Training Time: 72.432556
Testing Time: 36.156113
Accuracy: 0.9284444444444444
Precision: 0.8928571428571429
Recall: 0.14285714285714285
