Training Time: 12.777381
Testing Time: 40.08009
Accuracy: 0.9268888888888889
Precision: 0.9090909090909091
Recall: 0.17142857142857143
