Training Time: 3.4642892
Testing Time: 0.142264
Accuracy: 0.9
Precision: 1.0
Recall: 0.9166666666666666
