Training Time: 104.839676
Testing Time: 0.19882819
Accuracy: 0.8333333333333334
Precision: 0.7857142857142857
Recall: 0.9166666666666666
