Training Time: 6.7169147
Testing Time: 0.1563271
Accuracy: 0.9
Precision: 1.0
Recall: 0.9166666666666666
