Training Time: 1.0450925
Testing Time: 0.2616824
Accuracy: 1.0
Precision: 1.0
Recall: 1.0
