Training Time: 0.0412095
Testing Time: 0.0175978
Accuracy: 0.9642857142857143
Precision: 0.9285714285714286
Recall: 1.0
