Training Time: 28.290318
Testing Time: 0.13491379
Accuracy: 1.0
Precision: 1.0
Recall: 1.0
