Training Time: 82.61308
Testing Time: 0.0484122
Accuracy: 1.0
Precision: 1.0
Recall: 1.0
