Training Time: 5283.0957
Testing Time: 0.1274686
Accuracy: 0.9642857142857143
Precision: 1.0
Recall: 0.9230769230769231
