Training Time: 2.398196
Testing Time: 0.3733521
Accuracy: 1.0
Precision: 1.0
Recall: 1.0
