Training Time: 0.0510222
Testing Time: 0.0583101
Accuracy: 0.7846153846153846
Precision: 0.45
Recall: 0.75
