Training Time: 20.301512
Testing Time: 0.4203809
Accuracy: 0.9461538461538461
Precision: 0.8695652173913043
Recall: 0.8333333333333334
