Training Time: 1.5708507
Testing Time: 0.2192557
Accuracy: 0.9307692307692308
Precision: 0.8571428571428571
Recall: 0.75
