Training Time: 15.943536
Testing Time: 0.3140493
Accuracy: 0.5584415584415584
Precision: 0.3888888888888889
Recall: 0.2413793103448276
