Training Time: 68.48512
Testing Time: 0.36623642
Accuracy: 0.5324675324675324
Precision: 0.38461538461538464
Recall: 0.3448275862068966
