Training Time: 111252.56
Testing Time: 13.865312
Accuracy: 0.525974025974026
Precision: 0.3333333333333333
Recall: 0.27586206896551724
