Training Time: 2.432913
Testing Time: 0.107478306
Accuracy: 0.5454545454545454
Precision: 0.3333333333333333
Recall: 0.41379310344827586
