Training Time: 83.4485
Testing Time: 10.625525
Accuracy: 0.7525773195876289
Precision: 0.7676767676767676
Recall: 0.608
