Training Time: 18.885206
Testing Time: 0.3227307
Accuracy: 0.44
Precision: 0.39473684210526316
Recall: 0.7894736842105263
