Training Time: 100.806694
Testing Time: 0.7821924
Accuracy: 0.73
Precision: 0.35714285714285715
Recall: 0.5263157894736842
