Training Time: 200.76622
Testing Time: 28.828852
Accuracy: 0.9135135135135135
Precision: 0.8333333333333334
Recall: 0.946969696969697
