Training Time: 1.524647
Testing Time: 0.22147581
Accuracy: 0.8540540540540541
Precision: 0.7954545454545454
Recall: 0.7954545454545454
