Training Time: 8918.104
Testing Time: 23.949478
Accuracy: 0.9243243243243243
Precision: 0.8611111111111112
Recall: 0.9393939393939394
