Training Time: 0.101673506
Testing Time: 0.0161862
Accuracy: 0.4074074074074074
Precision: 0.38095238095238093
Recall: 0.2962962962962963
