Training Time: 64.41258
Testing Time: 0.328016
Accuracy: 0.37037037037037035
Precision: 0.34782608695652173
Recall: 0.2962962962962963
