Training Time: 0.7271853
Testing Time: 0.0607198
Accuracy: 0.46296296296296297
Precision: 0.45454545454545453
Recall: 0.37037037037037035
