Training Time: 0.1129658
Testing Time: 0.0300241
Accuracy: 0.5555555555555556
Precision: 0.5483870967741935
Recall: 0.6296296296296297
