Training Time: 43.770287
Testing Time: 0.40945798
Accuracy: 0.6666666666666666
Precision: 0.6551724137931034
Recall: 0.7037037037037037
