Training Time: 338.78934
Testing Time: 3.0365527
Accuracy: 0.6296296296296297
Precision: 0.6521739130434783
Recall: 0.5555555555555556
