Training Time: 4.918047
Testing Time: 0.26936692
Accuracy: 0.6111111111111112
Precision: 0.6363636363636364
Recall: 0.5185185185185185
