Training Time: 68.643906
Testing Time: 14.373186
Accuracy: 0.9675675675675676
Precision: 0.9411764705882353
Recall: 0.9696969696969697
