Training Time: 1.3574958
Testing Time: 0.27133548
Accuracy: 0.9081081081081082
Precision: 0.8402777777777778
Recall: 0.9166666666666666
