Training Time: 799.29596
Testing Time: 14.874953
Accuracy: 0.9756756756756757
Precision: 0.9555555555555556
Recall: 0.9772727272727273
