Training Time: 175453.94
Testing Time: 152.4615
Accuracy: 0.9675675675675676
Precision: 0.9411764705882353
Recall: 0.9696969696969697
