Training Time: 305.65067
Testing Time: 32.583157
Accuracy: 0.9675675675675676
Precision: 0.9411764705882353
Recall: 0.9696969696969697
