Training Time: 3976.0125
Testing Time: 160.39778
Accuracy: 0.9702702702702702
Precision: 0.9481481481481482
Recall: 0.9696969696969697
