Training Time: 488.59406
Testing Time: 0.46438918
Accuracy: 0.9702702702702702
Precision: 0.9416058394160584
Recall: 0.9772727272727273
