Training Time: 24.273172
Testing Time: 0.8333077
Accuracy: 0.972972972972973
Precision: 0.9485294117647058
Recall: 0.9772727272727273
