Training Time: 7.8411117
Testing Time: 0.6689561
Accuracy: 0.8666666666666667
Precision: 0.9166666666666666
Recall: 0.9166666666666666
