Training Time: 0.08711369
Testing Time: 0.0487491
Accuracy: 0.8333333333333334
Precision: 0.8461538461538461
Recall: 0.9166666666666666
