Training Time: 1176.71
Testing Time: 1.3026074
Accuracy: 0.8666666666666667
Precision: 0.8461538461538461
Recall: 0.9166666666666666
