Training Time: 541.4154
Testing Time: 28.02816
Accuracy: 0.7482014388489209
Precision: 0.0
Recall: 0.0
