Training Time: 1.0862079
Testing Time: 0.1777807
Accuracy: 0.7410071942446043
Precision: 0.0
Recall: 0.0
