Training Time: 4626.2866
Testing Time: 5.9818597
Accuracy: 0.7482014388489209
Precision: 0.0
Recall: 0.0
