Training Time: 4.1417994
Testing Time: 0.16893661
Accuracy: 0.5185185185185185
Precision: 0.5185185185185185
Recall: 0.5185185185185185
