Training Time: 93.61421
Testing Time: 0.6001462
Accuracy: 0.5
Precision: 0.5
Recall: 0.48148148148148145
