Training Time: 10.416077
Testing Time: 0.510289
Accuracy: 0.5555555555555556
Precision: 0.5555555555555556
Recall: 0.5555555555555556
