Training Time: 0.049279
Testing Time: 0.0260888
Accuracy: 0.75
Precision: 0.7777777777777778
Recall: 0.7
