Training Time: 5.262897
Testing Time: 0.7385878
Accuracy: 0.9384615384615385
Precision: 0.8333333333333334
Recall: 0.8333333333333334
