Training Time: 0.4797877
Testing Time: 0.0548381
Accuracy: 0.7272727272727273
Precision: 0.7
Recall: 0.6363636363636364
