Training Time: 1039.5938
Testing Time: 2.6466768
Accuracy: 0.7532467532467533
Precision: 0.7058823529411765
Recall: 0.7272727272727273
