Training Time: 0.0164171
Testing Time: 0.080271296
Accuracy: 0.4292845257903494
Precision: 0.4292845257903494
Recall: 1.0
