Training Time: 0.0223342
Testing Time: 0.081101105
Accuracy: 0.610648918469218
Precision: 0.5252100840336135
Recall: 0.9689922480620154
