Training Time: 0.5235463
Testing Time: 0.3601013
Accuracy: 0.4292845257903494
Precision: 0.4292845257903494
Recall: 1.0
