Training Time: 3.4578004
Testing Time: 0.5749197
Accuracy: 0.6755407653910149
Precision: 0.5704697986577181
Recall: 0.9883720930232558
