Training Time: 0.0324934
Testing Time: 0.0145789
Accuracy: 0.5973377703826955
Precision: 0.5223463687150838
Recall: 0.7248062015503876
