Training Time: 2.540222
Testing Time: 0.58672625
Accuracy: 0.9642857142857143
Precision: 1.0
Recall: 0.9230769230769231
