Training Time: 0.0506988
Testing Time: 0.0199195
Accuracy: 0.8571428571428571
Precision: 0.9090909090909091
Recall: 0.7692307692307693
