Training Time: 68.23201
Testing Time: 0.17385021
Accuracy: 0.9642857142857143
Precision: 1.0
Recall: 0.9230769230769231
