Training Time: 246.35231
Testing Time: 0.16125539
Accuracy: 1.0
Precision: 1.0
Recall: 1.0
