Training Time: 5.3469987
Testing Time: 0.55395
Accuracy: 0.9642857142857143
Precision: 1.0
Recall: 0.9230769230769231
