Training Time: 0.0307536
Testing Time: 0.2077167
Accuracy: 0.9411764705882353
Precision: 0.9456521739130435
Recall: 1.0
