Training Time: 0.4263784
Testing Time: 1.0101103
Accuracy: 0.9444444444444444
Precision: 0.9886363636363636
Recall: 1.0
