Training Time: 15.630014
Testing Time: 2.0921843
Accuracy: 0.525974025974026
Precision: 0.9545454545454546
Recall: 1.0
