Training Time: 1.1807722
Testing Time: 0.07518791
Accuracy: 0.564935064935065
Precision: 0.9545454545454546
Recall: 1.0
