Training Time: 1195.7438
Testing Time: 2.2827458
Accuracy: 0.551948051948052
Precision: 0.9545454545454546
Recall: 1.0
