Training Time: 134715.06
Testing Time: 1.8197005
Accuracy: 0.5909090909090909
Precision: 0.9545454545454546
Recall: 1.0
