Training Time: 1.0932816
Testing Time: 2.4291477
Accuracy: 0.9368888888888889
Precision: 0.7719298245614035
Recall: 0.25142857142857145
