Training Time: 4.7069383
Testing Time: 0.17854899
Accuracy: 0.85
Precision: 1.0
Recall: 0.7
