Training Time: 143.84882
Testing Time: 0.1824784
Accuracy: 0.85
Precision: 0.8181818181818182
Recall: 0.9
