Training Time: 867.1621
Testing Time: 0.9328014
Accuracy: 0.7
Precision: 0.6666666666666666
Recall: 0.8
