Training Time: 4.6633606
Testing Time: 1.2205992
Accuracy: 1.0
Precision: 1.0
Recall: 1.0
