Training Time: 0.19141261
Testing Time: 0.0431012
Accuracy: 1.0
Precision: 1.0
Recall: 1.0
