Training Time: 32279.025
Testing Time: 8.826341
Accuracy: 0.9714285714285714
Precision: 1.0
Recall: 1.0
