Training Time: 342.32275
Testing Time: 2.0139024
Accuracy: 0.9926995457495134
Precision: 0.9599406528189911
Recall: 0.9729323308270676
