Training Time: 11.217129
Testing Time: 4.463862
Accuracy: 0.9965931213497728
Precision: 0.9893617021276596
Recall: 0.9789473684210527
