Training Time: 346.28406
Testing Time: 2.5860405
Accuracy: 0.7410071942446043
Precision: 0.8490566037735849
Recall: 0.6923076923076923
