Training Time: 81.95549
Testing Time: 5.2303524
Accuracy: 0.7338129496402878
Precision: 0.7833333333333333
Recall: 0.7230769230769231
