Training Time: 334.98392
Testing Time: 0.14453657
Accuracy: 0.7410071942446043
Precision: 0.8461538461538461
Recall: 0.676923076923077
