Training Time: 703.073
Testing Time: 929.2434
Accuracy: 0.9977287475665152
Precision: 0.979381443298969
Recall: 1.0
