Training Time: 0.0025742
Testing Time: 0.0075865
Accuracy: 0.43261231281198004
Precision: 0.4304857621440536
Recall: 0.9961240310077519
