Training Time: 0.0237291
Testing Time: 0.0579409
Accuracy: 0.5773710482529119
Precision: 0.5041152263374485
Recall: 0.9496124031007752
