Training Time: 0.09092151
Testing Time: 0.0967657
Accuracy: 0.454242928452579
Precision: 0.43944636678200694
Recall: 0.9844961240310077
