Training Time: 0.53010774
Testing Time: 0.1645629
Accuracy: 0.7171381031613977
Precision: 0.6116751269035533
Recall: 0.9341085271317829
