Training Time: 49.788074
Testing Time: 0.6592642
Accuracy: 0.8076923076923077
Precision: 0.4888888888888889
Recall: 0.9166666666666666
