Training Time: 309.06802
Testing Time: 0.5822823
Accuracy: 0.6846153846153846
Precision: 0.3333333333333333
Recall: 0.7083333333333334
