Training Time: 3.1278477
Testing Time: 0.2471604
Accuracy: 0.8538461538461538
Precision: 0.5714285714285714
Recall: 0.8333333333333334
