Training Time: 0.93496495
Testing Time: 0.0508012
Accuracy: 0.5714285714285714
Precision: 0.9534883720930233
Recall: 0.9761904761904762
