Training Time: 27.36845
Testing Time: 0.5454525
Accuracy: 0.5454545454545454
Precision: 0.9545454545454546
Recall: 1.0
