Training Time: 4.5253525
Testing Time: 0.4287163
Accuracy: 0.8213058419243986
Precision: 0.8125
Recall: 0.5652173913043478
