Training Time: 1.1232244
Testing Time: 0.0456304
Accuracy: 0.8109965635738832
Precision: 0.7936507936507936
Recall: 0.5434782608695652
