Training Time: 56.156937
Testing Time: 1.8638837
Accuracy: 0.8109965635738832
Precision: 0.9512195121951219
Recall: 0.42391304347826086
