Training Time: 268.80157
Testing Time: 1.2693453
Accuracy: 0.8487972508591065
Precision: 0.9
Recall: 0.5869565217391305
