Training Time: 11.5484705
Testing Time: 1.4217781
Accuracy: 0.8247422680412371
Precision: 0.8253968253968254
Recall: 0.5652173913043478
