Training Time: 123.02957
Testing Time: 1.5223904
Accuracy: 0.7194244604316546
Precision: 0.8958333333333334
Recall: 0.6615384615384615
