Training Time: 635.61774
Testing Time: 1.1719018
Accuracy: 0.7697841726618705
Precision: 0.8775510204081632
Recall: 0.6615384615384615
