Training Time: 24.230934
Testing Time: 1.8585445
Accuracy: 0.6690647482014388
Precision: 0.8076923076923077
Recall: 0.6461538461538462
