Training Time: 0.818293
Testing Time: 0.031784
Accuracy: 0.7609756097560976
Precision: 0.8780487804878049
Recall: 1.0
