Training Time: 13.100203
Testing Time: 0.31477243
Accuracy: 0.7658536585365854
Precision: 0.8780487804878049
Recall: 1.0
