Training Time: 106797.24
Testing Time: 47.937107
Accuracy: 0.7658536585365854
Precision: 0.8780487804878049
Recall: 1.0
