Training Time: 0.0859343
Testing Time: 0.0018094
Accuracy: 0.5
Precision: 0.5
Recall: 0.3
