Training Time: 0.0364979
Testing Time: 0.0068916
Accuracy: 0.55
Precision: 0.5454545454545454
Recall: 0.6
