Training Time: 2.547794
Testing Time: 0.031982
Accuracy: 0.6
Precision: 0.6
Recall: 0.6
