Training Time: 0.1460454
Testing Time: 0.0035443
Accuracy: 0.5
Precision: 0.5
Recall: 0.3
