Training Time: 6.4627404
Testing Time: 1.8511267
Accuracy: 0.9384615384615385
Precision: 0.8636363636363636
Recall: 0.7916666666666666
