Training Time: 0.0667605
Testing Time: 0.1083529
Accuracy: 0.7769230769230769
Precision: 0.43902439024390244
Recall: 0.75
