Training Time: 162.4858
Testing Time: 1.225987
Accuracy: 0.9538461538461539
Precision: 0.8214285714285714
Recall: 0.9583333333333334
