Training Time: 12.979551
Testing Time: 3.854497
Accuracy: 0.9384615384615385
Precision: 0.8636363636363636
Recall: 0.7916666666666666
