Training Time: 0.3479204
Testing Time: 0.0419615
Accuracy: 0.5611111111111111
Precision: 0.6896551724137931
Recall: 0.2222222222222222
