Training Time: 0.0352177
Testing Time: 0.0660208
Accuracy: 0.6388888888888888
Precision: 0.6190476190476191
Recall: 0.7222222222222222
