Training Time: 10.572773
Testing Time: 0.5322581
Accuracy: 0.5
Precision: 0.5
Recall: 1.0
