Training Time: 107.01829
Testing Time: 0.9186974
Accuracy: 0.5277777777777778
Precision: 0.5316455696202531
Recall: 0.4666666666666667
