Training Time: 4208.451
Testing Time: 1.8605129
Accuracy: 0.5888888888888889
Precision: 0.5816326530612245
Recall: 0.6333333333333333
