Training Time: 0.67633295
Testing Time: 0.051384
Accuracy: 0.5777777777777777
Precision: 0.6206896551724138
Recall: 0.4
