Training Time: 0.1535586
Testing Time: 0.0091572
Accuracy: 0.8333333333333334
Precision: 0.9166666666666666
Recall: 0.9166666666666666
