Training Time: 0.0650383
Testing Time: 0.0317147
Accuracy: 0.6666666666666666
Precision: 0.6875
Recall: 0.9166666666666666
