Training Time: 18.767048
Testing Time: 3.2353704
Accuracy: 0.99
Precision: 0.95
Recall: 1.0
