Training Time: 0.1745012
Testing Time: 0.0847329
Accuracy: 1.0
Precision: 1.0
Recall: 1.0
