Training Time: 0.017655
Testing Time: 0.45743
Accuracy: 0.7
Precision: 0.3181818181818182
Recall: 0.3684210526315789
