Training Time: 21.618093
Testing Time: 1.840328
Accuracy: 0.6521739130434783
Precision: 0.6417910447761194
Recall: 0.3739130434782609
