Training Time: 1.3074384
Testing Time: 0.0739806
Accuracy: 0.6884057971014492
Precision: 0.6407766990291263
Recall: 0.5739130434782609
