Training Time: 2.8765845
Testing Time: 0.9298288
Accuracy: 0.6851851851851852
Precision: 0.6923076923076923
Recall: 0.6666666666666666
