Training Time: 0.1113934
Testing Time: 0.0395149
Accuracy: 0.5370370370370371
Precision: 0.5333333333333333
Recall: 0.5925925925925926
