Training Time: 83.877785
Testing Time: 0.4712034
Accuracy: 0.7407407407407407
Precision: 0.7096774193548387
Recall: 0.8148148148148148
