Training Time: 662.805
Testing Time: 5.5120792
Accuracy: 0.5370370370370371
Precision: 0.5454545454545454
Recall: 0.4444444444444444
