Training Time: 4.116774
Testing Time: 1.1130575
Accuracy: 0.9809523809523809
Precision: 1.0
Recall: 1.0
