Training Time: 0.1966487
Testing Time: 0.0365086
Accuracy: 0.9809523809523809
Precision: 1.0
Recall: 1.0
