Training Time: 75.72159
Testing Time: 1.0573695
Accuracy: 0.9809523809523809
Precision: 1.0
Recall: 1.0
