Training Time: 448.83258
Testing Time: 0.4367417
Accuracy: 0.9714285714285714
Precision: 1.0
Recall: 1.0
