Training Time: 10.549039
Testing Time: 1.6202755
Accuracy: 0.9714285714285714
Precision: 1.0
Recall: 1.0
