Training Time: 0.41563538
Testing Time: 0.9367194
Accuracy: 0.9411764705882353
Precision: 1.0
Recall: 1.0
