Training Time: 180.18613
Testing Time: 0.1904187
Accuracy: 1.0
Precision: 1.0
Recall: 1.0
