Training Time: 244.1819
Testing Time: 6.969246
Accuracy: 0.7012987012987013
Precision: 0.6190476190476191
Recall: 0.7878787878787878
