Training Time: 0.65153337
Testing Time: 0.1260088
Accuracy: 0.7792207792207793
Precision: 0.7666666666666667
Recall: 0.696969696969697
