Training Time: 35364.707
Testing Time: 64.746605
Accuracy: 0.6493506493506493
Precision: 0.5882352941176471
Recall: 0.6060606060606061
