Training Time: 321.42145
Testing Time: 1.3163453
Accuracy: 0.5194805194805194
Precision: 0.9534883720930233
Recall: 0.9761904761904762
