Training Time: 13.341083
Testing Time: 1.2190949
Accuracy: 0.538961038961039
Precision: 0.9545454545454546
Recall: 1.0
