Training Time: 1153.6608
Testing Time: 61.384697
Accuracy: 0.525974025974026
Precision: 0.9545454545454546
Recall: 1.0
