Training Time: 301.8232
Testing Time: 0.1152128
Accuracy: 0.538961038961039
Precision: 0.9545454545454546
Recall: 1.0
