Training Time: 4.1514845
Testing Time: 0.0332889
Accuracy: 0.5454545454545454
Precision: 0.9545454545454546
Recall: 1.0
