Training Time: 101.54778
Testing Time: 2.9827163
Accuracy: 0.6103896103896104
Precision: 0.5272727272727272
Recall: 0.8787878787878788
