Training Time: 0.5335797
Testing Time: 0.0782046
Accuracy: 0.6103896103896104
Precision: 0.5405405405405406
Recall: 0.6060606060606061
