Training Time: 2053.7234
Testing Time: 2.1462548
Accuracy: 0.6623376623376623
Precision: 0.5853658536585366
Recall: 0.7272727272727273
