Training Time: 5.0129094
Testing Time: 1.2829324
Accuracy: 1.0
Precision: 1.0
Recall: 1.0
