Training Time: 0.2000192
Testing Time: 0.0427235
Accuracy: 1.0
Precision: 1.0
Recall: 1.0
