Training Time: 526.7857
Testing Time: 0.2790976
Accuracy: 0.9904761904761905
Precision: 1.0
Recall: 1.0
