Training Time: 14.5869875
Testing Time: 2.2866328
Accuracy: 1.0
Precision: 1.0
Recall: 1.0
