Training Time: 0.3482779
Testing Time: 0.0163248
Accuracy: 0.55
Precision: 0.5714285714285714
Recall: 0.4
