Training Time: 0.0447706
Testing Time: 0.0070373
Accuracy: 0.7
Precision: 0.7
Recall: 0.7
