Training Time: 11.009747
Testing Time: 0.0585342
Accuracy: 0.65
Precision: 0.6363636363636364
Recall: 0.7
