Training Time: 0.6523537
Testing Time: 0.0176245
Accuracy: 0.5
Precision: 0.5
Recall: 0.4
