Training Time: 1.078994
Testing Time: 0.0311828
Accuracy: 0.551948051948052
Precision: 0.9333333333333333
Recall: 1.0
