Training Time: 13.344845
Testing Time: 0.2284324
Accuracy: 0.512987012987013
Precision: 0.9545454545454546
Recall: 1.0
