Training Time: 63.60063
Testing Time: 0.13606
Accuracy: 0.487012987012987
Precision: 0.9545454545454546
Recall: 1.0
