Training Time: 1.8454863
Testing Time: 0.1169953
Accuracy: 0.4675324675324675
Precision: 0.9761904761904762
Recall: 0.9761904761904762
