Training Time: 3.3999422
Testing Time: 0.4747766
Accuracy: 0.9540540540540541
Precision: 0.9078014184397163
Recall: 0.9696969696969697
