Training Time: 1.4496826
Testing Time: 0.2572743
Accuracy: 0.8918918918918919
Precision: 0.815068493150685
Recall: 0.9015151515151515
