Training Time: 59.606007
Testing Time: 2.7595034
Accuracy: 0.9486486486486486
Precision: 0.8843537414965986
Recall: 0.9848484848484849
