Training Time: 264.26382
Testing Time: 0.9213291
Accuracy: 0.9567567567567568
Precision: 0.9202898550724637
Recall: 0.9621212121212122
