Training Time: 0.1560891
Testing Time: 0.0604192
Accuracy: 0.5
Precision: 0.3333333333333333
Recall: 0.23076923076923078
