Training Time: 1938.8599
Testing Time: 8.443159
Accuracy: 0.59375
Precision: 0.5
Recall: 0.4230769230769231
