Training Time: 25.355932
Testing Time: 0.6591957
Accuracy: 0.609375
Precision: 0.5217391304347826
Recall: 0.46153846153846156
