Training Time: 0.0363008
Testing Time: 0.23620671
Accuracy: 0.9019607843137255
Precision: 0.9130434782608695
Recall: 0.9655172413793104
