Training Time: 29.962523
Testing Time: 1.3557123
Accuracy: 0.8660130718954249
Precision: 0.9876543209876543
Recall: 0.9195402298850575
