Training Time: 3413.9875
Testing Time: 4.2179413
Accuracy: 0.7418300653594772
Precision: 0.7087378640776699
Recall: 0.8390804597701149
