Training Time: 1.720431
Testing Time: 2.1399064
Accuracy: 0.9215686274509803
Precision: 1.0
Recall: 0.9310344827586207
