Training Time: 0.3247925
Testing Time: 0.0206529
Accuracy: 0.4805194805194805
Precision: 0.9111111111111111
Recall: 0.9761904761904762
