Training Time: 34.888477
Testing Time: 0.015296
Accuracy: 0.474025974025974
Precision: 0.975609756097561
Recall: 0.9523809523809523
