Training Time: 1.3323711
Testing Time: 0.1130852
Accuracy: 0.8316151202749141
Precision: 0.8909090909090909
Recall: 0.532608695652174
