Training Time: 183996.19
Testing Time: 58.37232
Accuracy: 0.8797250859106529
Precision: 0.9384615384615385
Recall: 0.6630434782608695
