Training Time: 230.02534
Testing Time: 45.811188
Accuracy: 0.9702702702702702
Precision: 0.9548872180451128
Recall: 0.9621212121212122
