Training Time: 2638.9287
Testing Time: 27.087631
Accuracy: 0.9756756756756757
Precision: 0.9624060150375939
Recall: 0.9696969696969697
