Training Time: 12454.471
Testing Time: 66.39162
Accuracy: 0.9594594594594594
Precision: 0.927007299270073
Recall: 0.9621212121212122
