Training Time: 1083.3234
Testing Time: 93.19179
Accuracy: 0.9702702702702702
Precision: 0.9548872180451128
Recall: 0.9621212121212122
