Training Time: 14.232091
Testing Time: 1.7420113
Accuracy: 0.8247422680412371
Precision: 0.7733333333333333
Recall: 0.6304347826086957
