Training Time: 40.049862
Testing Time: 4.9179153
Accuracy: 0.8144329896907216
Precision: 0.7638888888888888
Recall: 0.5978260869565217
