Training Time: 10.540557
Testing Time: 1.4868686
Accuracy: 0.7391304347826086
Precision: 0.7792207792207793
Recall: 0.5217391304347826
