Training Time: 1.281474
Testing Time: 0.07977071
Accuracy: 0.7536231884057971
Precision: 0.7473684210526316
Recall: 0.6173913043478261
