Training Time: 579.11865
Testing Time: 2.6610832
Accuracy: 0.7681159420289855
Precision: 0.7628865979381443
Recall: 0.6434782608695652
