Training Time: 140355.28
Testing Time: 21.579672
Accuracy: 0.7536231884057971
Precision: 0.7373737373737373
Recall: 0.6347826086956522
