Training Time: 28.784983
Testing Time: 2.8300247
Accuracy: 0.7536231884057971
Precision: 0.7901234567901234
Recall: 0.5565217391304348
