Training Time: 388.82166
Testing Time: 0.1107568
Accuracy: 0.7717391304347826
Precision: 0.782608695652174
Recall: 0.6260869565217392
