Training Time: 23.367462
Testing Time: 2.2529867
Accuracy: 0.7194244604316546
Precision: 0.8333333333333334
Recall: 0.6923076923076923
