Training Time: 0.6801032
Testing Time: 0.0498273
Accuracy: 0.7194244604316546
Precision: 0.8653846153846154
Recall: 0.6923076923076923
