Training Time: 21.732498
Testing Time: 2.5264122
Accuracy: 0.577922077922078
Precision: 0.4117647058823529
Recall: 0.2413793103448276
