Training Time: 0.7404068
Testing Time: 0.0712087
Accuracy: 0.564935064935065
Precision: 0.4444444444444444
Recall: 0.27586206896551724
