Training Time: 259.0695
Testing Time: 2.620653
Accuracy: 0.5844155844155844
Precision: 0.5
Recall: 0.2413793103448276
