Training Time: 1100.9407
Testing Time: 5.1162868
Accuracy: 0.564935064935065
Precision: 0.5333333333333333
Recall: 0.27586206896551724
