Training Time: 1.0538412
Testing Time: 1.2393113
Accuracy: 0.9282222222222222
Precision: 0.6666666666666666
Recall: 0.09090909090909091
