Training Time: 174.44872
Testing Time: 37.474026
Accuracy: 0.9594594594594594
Precision: 0.920863309352518
Recall: 0.9696969696969697
