Training Time: 1.4807924
Testing Time: 0.2100537
Accuracy: 0.8918918918918919
Precision: 0.8108108108108109
Recall: 0.9090909090909091
