Training Time: 2256.5366
Testing Time: 15.50211
Accuracy: 0.9459459459459459
Precision: 0.8943661971830986
Recall: 0.9621212121212122
