Training Time: 175453.23
Testing Time: 73.186455
Accuracy: 0.9675675675675676
Precision: 0.9347826086956522
Recall: 0.9772727272727273
