Training Time: 895.9757
Testing Time: 65.27142
Accuracy: 0.9567567567567568
Precision: 0.9084507042253521
Recall: 0.9772727272727273
