Training Time: 13.147356
Testing Time: 0.115983
Accuracy: 0.59375
Precision: 0.5
Recall: 0.038461538461538464
