Training Time: 8.178557
Testing Time: 1.1018671
Accuracy: 0.5454545454545454
Precision: 0.34782608695652173
Recall: 0.27586206896551724
