Training Time: 0.71797246
Testing Time: 0.0649421
Accuracy: 0.577922077922078
Precision: 0.5263157894736842
Recall: 0.3448275862068966
