Training Time: 107.72072
Testing Time: 1.4961176
Accuracy: 0.5454545454545454
Precision: 0.3888888888888889
Recall: 0.2413793103448276
