Training Time: 115164.914
Testing Time: 13.029753
Accuracy: 0.5844155844155844
Precision: 0.47058823529411764
Recall: 0.27586206896551724
