Training Time: 24.338316
Testing Time: 2.123524
Accuracy: 0.538961038961039
Precision: 0.34782608695652173
Recall: 0.27586206896551724
