Training Time: 1.2928455
Testing Time: 4.9978228
Accuracy: 0.9379084967320261
Precision: 1.0
Recall: 1.0
