Training Time: 0.0614058
Testing Time: 0.0329956
Accuracy: 0.7307692307692307
Precision: 0.3829787234042553
Recall: 0.75
