Training Time: 19.801367
Testing Time: 0.3950938
Accuracy: 0.7076923076923077
Precision: 0.36538461538461536
Recall: 0.7916666666666666
