Training Time: 1.5042602
Testing Time: 0.0545924
Accuracy: 0.7307692307692307
Precision: 0.358974358974359
Recall: 0.5833333333333334
