Training Time: 1.1550095
Testing Time: 0.0877366
Accuracy: 0.8810810810810811
Precision: 0.8142857142857143
Recall: 0.8636363636363636
