Training Time: 115.014206
Testing Time: 18.950617
Accuracy: 0.9486486486486486
Precision: 0.8843537414965986
Recall: 0.9848484848484849
