Training Time: 11.341684
Testing Time: 1.0440348
Accuracy: 0.577922077922078
Precision: 0.9545454545454546
Recall: 1.0
