Training Time: 40.509792
Testing Time: 3.2643626
Accuracy: 0.538961038961039
Precision: 0.9545454545454546
Recall: 1.0
