Training Time: 3594.1152
Testing Time: 4.709443
Accuracy: 0.5844155844155844
Precision: 1.0
Recall: 0.5
