Training Time: 0.0878951
Testing Time: 0.0530084
Accuracy: 0.8
Precision: 1.0
Recall: 0.9166666666666666
