Training Time: 570.3986
Testing Time: 5.800082
Accuracy: 0.8666666666666667
Precision: 0.9166666666666666
Recall: 0.9166666666666666
