Training Time: 8.660043
Testing Time: 0.4705923
Accuracy: 0.8666666666666667
Precision: 0.9166666666666666
Recall: 0.9166666666666666
