Training Time: 3.4084501
Testing Time: 1.0810622
Accuracy: 0.7037037037037037
Precision: 0.7894736842105263
Recall: 0.5555555555555556
