Training Time: 0.105382
Testing Time: 0.0309947
Accuracy: 0.7037037037037037
Precision: 0.8235294117647058
Recall: 0.5185185185185185
