Training Time: 12.325284
Testing Time: 1.4612365
Accuracy: 0.6851851851851852
Precision: 0.7777777777777778
Recall: 0.5185185185185185
