Training Time: 4.7040606
Testing Time: 0.1007274
Accuracy: 0.6115107913669064
Precision: 0.6301369863013698
Recall: 0.7076923076923077
