Training Time: 27.755856
Testing Time: 0.1073435
Accuracy: 0.6690647482014388
Precision: 0.7678571428571429
Recall: 0.6615384615384615
