Training Time: 6244.5024
Testing Time: 6.9248815
Accuracy: 0.7922077922077922
Precision: 0.7931034482758621
Recall: 0.696969696969697
