Training Time: 64583.965
Testing Time: 251.62146
Accuracy: 0.8051948051948052
Precision: 0.7647058823529411
Recall: 0.7878787878787878
