Training Time: 10.556307
Testing Time: 1.7973464
Accuracy: 0.8292682926829268
Precision: 0.9207920792079208
Recall: 0.93
