Training Time: 683.52985
Testing Time: 3.3221438
Accuracy: 0.8097560975609757
Precision: 0.92
Recall: 0.92
