Training Time: 502.80374
Testing Time: 21.53564
Accuracy: 0.7553956834532374
Precision: 1.0
Recall: 0.02857142857142857
