Training Time: 32517.348
Testing Time: 118.831894
Accuracy: 0.7338129496402878
Precision: 0.25
Recall: 0.02857142857142857
