Training Time: 1143.5974
Testing Time: 14.708915
Accuracy: 0.7482014388489209
Precision: 0.0
Recall: 0.0
