Training Time: 24.239891
Testing Time: 4.1530495
Accuracy: 1.0
Precision: 1.0
Recall: 1.0
