Training Time: 391.86578
Testing Time: 1.1235281
Accuracy: 1.0
Precision: 1.0
Recall: 1.0
