Training Time: 4.2350106
Testing Time: 5.1311855
Accuracy: 0.9190460739779364
Precision: 0.9882352941176471
Recall: 0.25263157894736843
