Training Time: 1.9255422
Testing Time: 0.69123983
Accuracy: 0.9420830629461389
Precision: 0.9350282485875706
Recall: 0.49774436090225566
