Training Time: 61.66458
Testing Time: 29.543385
Accuracy: 0.905094094743673
Precision: 1.0
Recall: 0.12030075187969924
