Training Time: 214.21478
Testing Time: 7.1465716
Accuracy: 0.9587929915639195
Precision: 0.8561525129982669
Recall: 0.7428571428571429
