Training Time: 0.13520129
Testing Time: 0.0194575
Accuracy: 0.59375
Precision: 0.5
Recall: 0.4230769230769231
