Training Time: 307.4091
Testing Time: 0.1216159
Accuracy: 0.546875
Precision: 0.43478260869565216
Recall: 0.38461538461538464
