Training Time: 365.41852
Testing Time: 81.253624
Accuracy: 0.9426666666666667
Precision: 0.7846153846153846
Recall: 0.2914285714285714
