Training Time: 82.261765
Testing Time: 210.68677
Accuracy: 0.9391111111111111
Precision: 1.0
Recall: 0.045454545454545456
