Training Time: 0.855599
Testing Time: 0.20264031
Accuracy: 0.9538461538461539
Precision: 0.8461538461538461
Recall: 0.9166666666666666
