Training Time: 0.071947694
Testing Time: 0.105764
Accuracy: 0.7769230769230769
Precision: 0.4358974358974359
Recall: 0.7083333333333334
