Training Time: 19.750814
Testing Time: 0.4515906
Accuracy: 0.9461538461538461
Precision: 0.7931034482758621
Recall: 0.9583333333333334
