Training Time: 112.87826
Testing Time: 0.2426255
Accuracy: 0.8538461538461538
Precision: 0.5757575757575758
Recall: 0.7916666666666666
