Training Time: 1.5677943
Testing Time: 0.3858345
Accuracy: 0.9615384615384616
Precision: 0.88
Recall: 0.9166666666666666
