Training Time: 0.105663694
Testing Time: 0.0397886
Accuracy: 0.42592592592592593
Precision: 0.4375
Recall: 0.5185185185185185
