Training Time: 122.05895
Testing Time: 0.5394094
Accuracy: 0.7777777777777778
Precision: 0.7777777777777778
Recall: 0.7777777777777778
