Training Time: 14.7599945
Testing Time: 1.4339409
Accuracy: 0.7407407407407407
Precision: 0.8095238095238095
Recall: 0.6296296296296297
