Training Time: 0.8929981
Testing Time: 0.2397877
Accuracy: 0.8181818181818182
Precision: 0.8275862068965517
Recall: 0.7272727272727273
