Training Time: 7385.1187
Testing Time: 7.2273784
Accuracy: 0.7922077922077922
Precision: 0.7741935483870968
Recall: 0.7272727272727273
