Training Time: 1480.1517
Testing Time: 40.83053
Accuracy: 0.8051948051948052
Precision: 0.7368421052631579
Recall: 0.8484848484848485
