Training Time: 0.5689657
Testing Time: 0.0119216
Accuracy: 0.6804123711340206
Precision: 0.49333333333333335
Recall: 0.40217391304347827
