Training Time: 1.2857611
Testing Time: 0.0355451
Accuracy: 0.7663230240549829
Precision: 0.7307692307692307
Recall: 0.41304347826086957
