Training Time: 7.833226
Testing Time: 0.22459671
Accuracy: 0.7216494845360825
Precision: 0.627906976744186
Recall: 0.29347826086956524
