Training Time: 4.8643603
Testing Time: 0.1357753
Accuracy: 0.671875
Precision: 0.6470588235294118
Recall: 0.4230769230769231
