Training Time: 628.46124
Testing Time: 3.0332677
Accuracy: 0.59375
Precision: 0.5
Recall: 0.5384615384615384
