Training Time: 1.3532469
Testing Time: 0.0608397
Accuracy: 0.8041237113402062
Precision: 0.7931034482758621
Recall: 0.736
