Training Time: 2.9671738
Testing Time: 0.1578235
Accuracy: 0.7866666666666666
Precision: 0.7333333333333333
Recall: 0.8918918918918919
