Training Time: 2.5202303
Testing Time: 0.29927322
Accuracy: 0.4777777777777778
Precision: 0.4876543209876543
Recall: 0.8777777777777778
