Training Time: 36.17232
Testing Time: 8.599083
Accuracy: 0.972972972972973
Precision: 0.9485294117647058
Recall: 0.9772727272727273
