Training Time: 452.68295
Testing Time: 11.3787565
Accuracy: 0.9675675675675676
Precision: 0.9411764705882353
Recall: 0.9696969696969697
