Training Time: 2075.7456
Testing Time: 6.1540456
Accuracy: 0.9648648648648649
Precision: 0.9343065693430657
Recall: 0.9696969696969697
