Training Time: 1.7929106
Testing Time: 0.0281725
Accuracy: 0.7
Precision: 0.7692307692307693
Recall: 0.8333333333333334
