Training Time: 267.56866
Testing Time: 0.1531258
Accuracy: 0.7333333333333333
Precision: 0.7857142857142857
Recall: 0.9166666666666666
