Training Time: 3.6267595
Testing Time: 0.0197792
Accuracy: 0.6666666666666666
Precision: 0.7142857142857143
Recall: 0.8333333333333334
