Training Time: 11.252204
Testing Time: 1.2010362
Accuracy: 0.5
Precision: 0.9545454545454546
Recall: 1.0
