Training Time: 1.1396717
Testing Time: 0.0648183
Accuracy: 0.5324675324675324
Precision: 0.9545454545454546
Recall: 1.0
