Training Time: 154.44844
Testing Time: 2.0239758
Accuracy: 0.5324675324675324
Precision: 0.9545454545454546
Recall: 1.0
