Training Time: 825.84796
Testing Time: 1.4018372
Accuracy: 0.525974025974026
Precision: 0.9545454545454546
Recall: 1.0
