Training Time: 32.293633
Testing Time: 2.5843108
Accuracy: 0.5194805194805194
Precision: 0.9545454545454546
Recall: 1.0
