Training Time: 0.269787
Testing Time: 0.0177001
Accuracy: 0.44155844155844154
Precision: 0.8571428571428571
Recall: 0.8571428571428571
