Training Time: 1.0394956
Testing Time: 0.0257877
Accuracy: 0.5064935064935064
Precision: 0.9318181818181818
Recall: 0.9761904761904762
