Training Time: 21.850012
Testing Time: 0.0086476
Accuracy: 0.44805194805194803
Precision: 0.9285714285714286
Recall: 0.9285714285714286
