Training Time: 8.522347
Testing Time: 1.8558036
Accuracy: 0.9307692307692308
Precision: 0.8260869565217391
Recall: 0.7916666666666666
