Training Time: 8.983355
Testing Time: 0.97688174
Accuracy: 0.7050359712230215
Precision: 0.8113207547169812
Recall: 0.6615384615384615
