Training Time: 0.6551022
Testing Time: 0.0494531
Accuracy: 0.7122302158273381
Precision: 0.8431372549019608
Recall: 0.6615384615384615
