Training Time: 111.179276
Testing Time: 1.5973972
Accuracy: 0.7410071942446043
Precision: 0.8148148148148148
Recall: 0.676923076923077
