Training Time: 586.97516
Testing Time: 2.1601806
Accuracy: 0.7410071942446043
Precision: 0.8333333333333334
Recall: 0.6923076923076923
