Training Time: 201.3491
Testing Time: 0.57231927
Accuracy: 0.9166666666666666
Precision: 0.8695652173913043
Recall: 1.0
