Training Time: 916.7129
Testing Time: 1.08474
Accuracy: 0.8833333333333333
Precision: 0.7407407407407407
Recall: 1.0
