Training Time: 77.954025
Testing Time: 191.37605
Accuracy: 0.9373333333333334
Precision: 0.775
Recall: 0.35428571428571426
