Training Time: 788.6571
Testing Time: 109.49692
Accuracy: 0.9364444444444444
Precision: 0.6966292134831461
Recall: 0.35428571428571426
