Training Time: 3430.7446
Testing Time: 15.033449
Accuracy: 0.9202222222222223
Precision: 0.3333333333333333
Recall: 0.09090909090909091
