Training Time: 203.85226
Testing Time: 467.0386
Accuracy: 0.9377777777777778
Precision: 0.7294117647058823
Recall: 0.35428571428571426
