Training Time: 1.5914818
Testing Time: 5.547164
Accuracy: 0.9313725490196079
Precision: 1.0
Recall: 0.9770114942528736
