Training Time: 0.0367813
Testing Time: 0.2358319
Accuracy: 0.9117647058823529
Precision: 0.9130434782608695
Recall: 0.9655172413793104
