Training Time: 51.319977
Testing Time: 1.7479806
Accuracy: 0.8790849673202614
Precision: 0.9651162790697675
Recall: 0.9540229885057471
