Training Time: 1.3619604
Testing Time: 0.0782127
Accuracy: 0.85
Precision: 1.0
Recall: 0.7
