Training Time: 0.1599656
Testing Time: 0.0398971
Accuracy: 0.75
Precision: 0.7777777777777778
Recall: 0.7
