Training Time: 38.464466
Testing Time: 0.09603871
Accuracy: 0.95
Precision: 1.0
Recall: 0.9
