Training Time: 199.38301
Testing Time: 0.1109257
Accuracy: 0.8
Precision: 0.875
Recall: 0.7
