Training Time: 15.4173355
Testing Time: 0.0236768
Accuracy: 0.75
Precision: 1.0
Recall: 0.5
