Training Time: 1.1464579
Testing Time: 0.2007931
Accuracy: 0.95
Precision: 1.0
Recall: 0.9
