Training Time: 1.396807
Testing Time: 0.0993784
Accuracy: 0.7427536231884058
Precision: 0.7340425531914894
Recall: 0.6
