Training Time: 31.087564
Testing Time: 0.8473275
Accuracy: 0.717391304347826
Precision: 0.7466666666666667
Recall: 0.48695652173913045
