Training Time: 162.51807
Testing Time: 0.4245129
Accuracy: 0.7753623188405797
Precision: 0.7849462365591398
Recall: 0.6347826086956522
