Training Time: 5.3768015
Testing Time: 0.2275381
Accuracy: 0.7355072463768116
Precision: 0.723404255319149
Recall: 0.591304347826087
