Training Time: 1.2575856
Testing Time: 0.081681
Accuracy: 0.9166666666666666
Precision: 0.9090909090909091
Recall: 1.0
