Training Time: 134.47746
Testing Time: 0.070678495
Accuracy: 0.9333333333333333
Precision: 0.9090909090909091
Recall: 1.0
