Training Time: 15614.705
Testing Time: 4.8088775
Accuracy: 0.9833333333333333
Precision: 0.9523809523809523
Recall: 1.0
