Training Time: 2.7943509
Testing Time: 0.1145094
Accuracy: 0.9
Precision: 0.9090909090909091
Recall: 1.0
