Training Time: 0.1183384
Testing Time: 0.043016
Accuracy: 0.5
Precision: 0.5
Recall: 0.48148148148148145
