Training Time: 6.722179
Testing Time: 0.1147068
Accuracy: 0.7037037037037037
Precision: 0.72
Recall: 0.6666666666666666
