Training Time: 50.928642
Testing Time: 0.0582926
Accuracy: 0.5370370370370371
Precision: 0.5416666666666666
Recall: 0.48148148148148145
