Training Time: 0.9656853
Testing Time: 0.2250969
Accuracy: 0.7142857142857143
Precision: 0.5714285714285714
Recall: 0.5
