Training Time: 7434.773
Testing Time: 5.7794557
Accuracy: 0.5844155844155844
Precision: 1.0
Recall: 0.5
