Training Time: 0.7580324
Testing Time: 0.0141477
Accuracy: 0.6
Precision: 0.6666666666666666
Recall: 0.4
