Training Time: 0.0405512
Testing Time: 0.0089368
Accuracy: 0.8
Precision: 0.8
Recall: 0.8
