Training Time: 110.10355
Testing Time: 0.0464248
Accuracy: 0.65
Precision: 0.6666666666666666
Recall: 0.6
