Training Time: 45.900578
Testing Time: 6.261115
Accuracy: 0.7731958762886598
Precision: 0.8041237113402062
Recall: 0.624
