Training Time: 141.78624
Testing Time: 14.157059
Accuracy: 0.7869415807560137
Precision: 0.8461538461538461
Recall: 0.616
