Training Time: 0.7840999
Testing Time: 0.0402881
Accuracy: 0.7266187050359713
Precision: 0.8541666666666666
Recall: 0.6307692307692307
