Training Time: 182.7312
Testing Time: 2.0347207
Accuracy: 0.7266187050359713
Precision: 0.8301886792452831
Recall: 0.676923076923077
