Training Time: 824.8097
Testing Time: 0.29718828
Accuracy: 0.7194244604316546
Precision: 0.8545454545454545
Recall: 0.7230769230769231
