Training Time: 0.0587169
Testing Time: 0.07213409
Accuracy: 0.6923076923076923
Precision: 0.30952380952380953
Recall: 0.5416666666666666
