Training Time: 0.0263821
Testing Time: 0.088209905
Accuracy: 0.6838602329450915
Precision: 0.5801886792452831
Recall: 0.9534883720930233
