Training Time: 2.35772
Testing Time: 0.8616196
Accuracy: 0.480865224625624
Precision: 0.45263157894736844
Recall: 1.0
