Training Time: 0.13090831
Testing Time: 0.1925684
Accuracy: 0.6905158069883528
Precision: 0.5825688073394495
Recall: 0.9844961240310077
