Training Time: 4.37406
Testing Time: 0.0572398
Accuracy: 0.8
Precision: 1.0
Recall: 0.6
