Training Time: 8.134269
Testing Time: 0.1999605
Accuracy: 0.75
Precision: 1.0
Recall: 0.5
