Training Time: 0.0546226
Testing Time: 0.0196946
Accuracy: 0.6076923076923076
Precision: 0.2786885245901639
Recall: 0.7083333333333334
