Training Time: 2.7744324
Testing Time: 0.1333334
Accuracy: 0.5692307692307692
Precision: 0.23333333333333334
Recall: 0.5833333333333334
