Training Time: 13.76912
Testing Time: 0.0438204
Accuracy: 0.5923076923076923
Precision: 0.2542372881355932
Recall: 0.625
