Training Time: 1.060663
Testing Time: 0.173328
Accuracy: 0.7410071942446043
Precision: 0.3333333333333333
Recall: 0.02857142857142857
