Training Time: 1422.7059
Testing Time: 56.725403
Accuracy: 0.7482014388489209
Precision: 0.0
Recall: 0.0
