Training Time: 6.2842426
Testing Time: 0.09221791
Accuracy: 0.8666666666666667
Precision: 0.9166666666666666
Recall: 0.9166666666666666
