Training Time: 0.0692374
Testing Time: 0.0282146
Accuracy: 0.6333333333333333
Precision: 0.7142857142857143
Recall: 0.8333333333333334
