Training Time: 221.62576
Testing Time: 0.2831809
Accuracy: 0.8666666666666667
Precision: 0.9166666666666666
Recall: 0.9166666666666666
