Training Time: 1025.941
Testing Time: 1.1584631
Accuracy: 0.8666666666666667
Precision: 0.8461538461538461
Recall: 0.9166666666666666
