Training Time: 12.051648
Testing Time: 0.4046623
Accuracy: 0.8666666666666667
Precision: 0.9166666666666666
Recall: 0.9166666666666666
