Training Time: 0.0565918
Testing Time: 0.0310179
Accuracy: 0.9
Precision: 0.8333333333333334
Recall: 1.0
