Training Time: 11.101735
Testing Time: 0.0633262
Accuracy: 0.95
Precision: 1.0
Recall: 0.9
