Training Time: 4121.7153
Testing Time: 1.6316439
Accuracy: 0.8
Precision: 0.7142857142857143
Recall: 1.0
