Training Time: 0.7001553
Testing Time: 0.069964
Accuracy: 0.95
Precision: 1.0
Recall: 0.9
