Training Time: 0.1080036
Testing Time: 0.0433147
Accuracy: 0.48148148148148145
Precision: 0.4838709677419355
Recall: 0.5555555555555556
