Training Time: 24.638138
Testing Time: 0.2353285
Accuracy: 0.7037037037037037
Precision: 0.7037037037037037
Recall: 0.7037037037037037
