Training Time: 176.46918
Testing Time: 0.7790889
Accuracy: 0.5740740740740741
Precision: 0.5769230769230769
Recall: 0.5555555555555556
