Training Time: 13342.297
Testing Time: 0.21344711
Accuracy: 0.7222222222222222
Precision: 0.8333333333333334
Recall: 0.5555555555555556
