Training Time: 3.1266677
Testing Time: 0.43626428
Accuracy: 0.7777777777777778
Precision: 0.9411764705882353
Recall: 0.5925925925925926
