Training Time: 69.27952
Testing Time: 9.000241
Accuracy: 0.7777777777777778
Precision: 0.7777777777777778
Recall: 0.7777777777777778
