Training Time: 33.777737
Testing Time: 0.0398778
Accuracy: 0.6666666666666666
Precision: 0.7647058823529411
Recall: 0.48148148148148145
