Training Time: 0.4909776
Testing Time: 0.0860079
Accuracy: 0.8888888888888888
Precision: 0.8888888888888888
Recall: 0.8888888888888888
