Training Time: 1.6227527
Testing Time: 0.1052458
Accuracy: 0.7934782608695652
Precision: 0.8020833333333334
Recall: 0.6695652173913044
