Training Time: 2346.1057
Testing Time: 10.855308
Accuracy: 0.7608695652173914
Precision: 0.8024691358024691
Recall: 0.5652173913043478
