Training Time: 191134.73
Testing Time: 50.75094
Accuracy: 0.7789855072463768
Precision: 0.8
Recall: 0.6260869565217392
