Training Time: 99.473045
Testing Time: 11.23075
Accuracy: 0.7246376811594203
Precision: 0.8305084745762712
Recall: 0.4260869565217391
