Training Time: 0.3269605
Testing Time: 0.0202864
Accuracy: 0.4935064935064935
Precision: 0.35714285714285715
Recall: 0.1724137931034483
