Training Time: 4.7429085
Testing Time: 0.11465529
Accuracy: 0.4675324675324675
Precision: 0.25925925925925924
Recall: 0.4827586206896552
