Training Time: 0.3644257
Testing Time: 0.0707356
Accuracy: 0.8153846153846154
Precision: 0.5
Recall: 0.2916666666666667
