Training Time: 0.0534965
Testing Time: 0.0334484
Accuracy: 0.5846153846153846
Precision: 0.21153846153846154
Recall: 0.4583333333333333
