Training Time: 71.38281
Testing Time: 2.751627
Accuracy: 0.5692307692307692
Precision: 0.24193548387096775
Recall: 0.625
