Training Time: 7435.813
Testing Time: 0.757364
Accuracy: 0.6153846153846154
Precision: 0.22916666666666666
Recall: 0.4583333333333333
