Training Time: 0.7011723
Testing Time: 0.0523423
Accuracy: 0.7769230769230769
Precision: 0.41935483870967744
Recall: 0.5416666666666666
