Training Time: 391.42807
Testing Time: 584.40894
Accuracy: 0.9931862426995457
Precision: 0.9859594383775351
Recall: 0.9503759398496241
