Training Time: 1.6885448
Testing Time: 3.4749365
Accuracy: 0.9888059701492538
Precision: 0.9775641025641025
Recall: 0.9172932330827067
