Training Time: 6753.2607
Testing Time: 32.090054
Accuracy: 0.9943218689162882
Precision: 0.9758308157099698
Recall: 0.9714285714285714
