Training Time: 1882.4492
Testing Time: 2997.2388
Accuracy: 0.9978909798831928
Precision: 0.9865671641791045
Recall: 0.9939849624060151
