Training Time: 1.4827614
Testing Time: 0.077869505
Accuracy: 0.7463768115942029
Precision: 0.7472527472527473
Recall: 0.591304347826087
