Training Time: 1.4801831
Testing Time: 0.0975366
Accuracy: 0.8350515463917526
Precision: 0.9230769230769231
Recall: 0.5217391304347826
