Training Time: 1720.1326
Testing Time: 0.8209289
Accuracy: 0.8419243986254296
Precision: 0.8194444444444444
Recall: 0.6413043478260869
