Training Time: 191809.48
Testing Time: 30.498661
Accuracy: 0.872852233676976
Precision: 0.9104477611940298
Recall: 0.6630434782608695
