Training Time: 105.62051
Testing Time: 11.058272
Accuracy: 0.8487972508591065
Precision: 0.9444444444444444
Recall: 0.5543478260869565
