Training Time: 4.222094
Testing Time: 0.0687598
Accuracy: 0.65
Precision: 0.8
Recall: 0.4
