Training Time: 7.853483
Testing Time: 0.0756802
Accuracy: 0.7
Precision: 0.8333333333333334
Recall: 0.5
