Training Time: 6.2712126
Testing Time: 9.170964
Accuracy: 0.9128888888888889
Precision: 0.6666666666666666
Recall: 0.05714285714285714
