Training Time: 1.0942127
Testing Time: 1.0185549
Accuracy: 0.9051111111111111
Precision: 0.7058823529411765
Recall: 0.06857142857142857
