Training Time: 82.797
Testing Time: 34.48991
Accuracy: 0.92
Precision: 0.8
Recall: 0.13714285714285715
