Training Time: 149687.05
Testing Time: 410.14877
Accuracy: 0.9286666666666666
Precision: 0.7941176470588235
Recall: 0.15428571428571428
