Training Time: 64.65641
Testing Time: 1.4310964
Accuracy: 0.5584415584415584
Precision: 0.4918032786885246
Recall: 0.9090909090909091
