Training Time: 0.46952197
Testing Time: 0.0536439
Accuracy: 0.6623376623376623
Precision: 0.6129032258064516
Recall: 0.5757575757575758
