Training Time: 1333.4233
Testing Time: 1.7387434
Accuracy: 0.6103896103896104
Precision: 0.5306122448979592
Recall: 0.7878787878787878
