Training Time: 11418.406
Testing Time: 38.513565
Accuracy: 0.6493506493506493
Precision: 0.6
Recall: 0.5454545454545454
