Training Time: 60420.863
Testing Time: 1.6012881
Accuracy: 0.6233766233766234
Precision: 0.5555555555555556
Recall: 0.6060606060606061
