Training Time: 164.96364
Testing Time: 3.347017
Accuracy: 0.6103896103896104
Precision: 0.5254237288135594
Recall: 0.9393939393939394
