Training Time: 3747.5742
Testing Time: 35.098316
Accuracy: 0.6363636363636364
Precision: 0.5675675675675675
Recall: 0.6363636363636364
