Training Time: 421.37833
Testing Time: 0.23734061
Accuracy: 0.6233766233766234
Precision: 0.5588235294117647
Recall: 0.5757575757575758
