Training Time: 55.005505
Testing Time: 2.665215
Accuracy: 0.6883116883116883
Precision: 0.6363636363636364
Recall: 0.6363636363636364
