Training Time: 0.71333086
Testing Time: 0.1102122
Accuracy: 0.9523809523809523
Precision: 1.0
Recall: 1.0
