Training Time: 12.612254
Testing Time: 0.267201
Accuracy: 0.9619047619047619
Precision: 0.9090909090909091
Recall: 1.0
