Training Time: 1.4940811
Testing Time: 0.222478
Accuracy: 0.9523809523809523
Precision: 1.0
Recall: 1.0
