Training Time: 0.7331447
Testing Time: 0.0316096
Accuracy: 0.8341463414634146
Precision: 0.93
Recall: 0.93
