Training Time: 21.46413
Testing Time: 0.63334775
Accuracy: 0.9533333333333334
Precision: 0.9240506329113924
Recall: 0.9864864864864865
