Training Time: 12756.674
Testing Time: 13.659026
Accuracy: 0.92
Precision: 0.8974358974358975
Recall: 0.9459459459459459
