Training Time: 2.1041296
Testing Time: 1.0661241
Accuracy: 0.9466666666666667
Precision: 0.9459459459459459
Recall: 0.9459459459459459
