Training Time: 13.902858
Testing Time: 0.1223382
Accuracy: 0.48148148148148145
Precision: 0.4782608695652174
Recall: 0.4074074074074074
