Training Time: 88.52202
Testing Time: 0.4176464
Accuracy: 0.5185185185185185
Precision: 0.5217391304347826
Recall: 0.4444444444444444
