Training Time: 0.080783695
Testing Time: 0.0132122
Accuracy: 0.8148148148148148
Precision: 0.8695652173913043
Recall: 0.7407407407407407
