Training Time: 148.4464
Testing Time: 0.62727326
Accuracy: 0.6296296296296297
Precision: 0.6666666666666666
Recall: 0.5185185185185185
