Training Time: 13590.2295
Testing Time: 10.212953
Accuracy: 0.6296296296296297
Precision: 0.7333333333333333
Recall: 0.4074074074074074
