Training Time: 2.3252864
Testing Time: 0.14198941
Accuracy: 0.5740740740740741
Precision: 0.6111111111111112
Recall: 0.4074074074074074
