Training Time: 71.649376
Testing Time: 9.508554
Accuracy: 0.5740740740740741
Precision: 0.5909090909090909
Recall: 0.48148148148148145
