Training Time: 39.981457
Testing Time: 0.0287693
Accuracy: 0.7037037037037037
Precision: 0.7037037037037037
Recall: 0.7037037037037037
