Training Time: 0.722122
Testing Time: 0.0722239
Accuracy: 0.6666666666666666
Precision: 0.8
Recall: 0.4444444444444444
