Training Time: 68.10706
Testing Time: 2.0379598
Accuracy: 0.6159420289855072
Precision: 0.6451612903225806
Recall: 0.17391304347826086
