Training Time: 385.61404
Testing Time: 1.022726
Accuracy: 0.75
Precision: 0.75
Recall: 0.6
