Training Time: 147205.83
Testing Time: 28.828667
Accuracy: 0.6956521739130435
Precision: 0.6565656565656566
Recall: 0.5652173913043478
