Training Time: 0.0457866
Testing Time: 0.3589104
Accuracy: 0.9281045751633987
Precision: 0.9555555555555556
Recall: 0.9885057471264368
