Training Time: 3.944085
Testing Time: 5.0333776
Accuracy: 0.9477124183006536
Precision: 0.9886363636363636
Recall: 1.0
