Training Time: 181.84119
Testing Time: 11.880072
Accuracy: 0.8169934640522876
Precision: 0.9487179487179487
Recall: 0.8505747126436781
