Training Time: 6.5398507
Testing Time: 1.0090986
Accuracy: 0.9538461538461539
Precision: 0.8461538461538461
Recall: 0.9166666666666666
