Training Time: 164.23436
Testing Time: 1.2033012
Accuracy: 0.9461538461538461
Precision: 0.7931034482758621
Recall: 0.9583333333333334
