Training Time: 1164.3617
Testing Time: 43.665714
Accuracy: 0.8846153846153846
Precision: 0.6551724137931034
Recall: 0.7916666666666666
