Training Time: 13.18933
Testing Time: 2.2355978
Accuracy: 0.9692307692307692
Precision: 0.8846153846153846
Recall: 0.9583333333333334
