Training Time: 0.0395094
Testing Time: 0.3379568
Accuracy: 0.9607843137254902
Precision: 0.9662921348314607
Recall: 0.9885057471264368
