Training Time: 62.644665
Testing Time: 1.8979832
Accuracy: 0.8823529411764706
Precision: 0.9886363636363636
Recall: 1.0
