Training Time: 3.1638803
Testing Time: 4.3108096
Accuracy: 0.954248366013072
Precision: 0.9886363636363636
Recall: 1.0
