Training Time: 8.888702
Testing Time: 2.0516315
Accuracy: 1.0
Precision: 1.0
Recall: 1.0
