Training Time: 0.18518259
Testing Time: 0.0573878
Accuracy: 0.97
Precision: 0.9
Recall: 0.9473684210526315
