Training Time: 198.06721
Testing Time: 0.8852238
Accuracy: 1.0
Precision: 1.0
Recall: 1.0
