Training Time: 21.369713
Testing Time: 2.6109743
Accuracy: 1.0
Precision: 1.0
Recall: 1.0
