Training Time: 52.744087
Testing Time: 5.9897738
Accuracy: 0.717391304347826
Precision: 0.7605633802816901
Recall: 0.46956521739130436
