Training Time: 134.03435
Testing Time: 12.372081
Accuracy: 0.7101449275362319
Precision: 0.7464788732394366
Recall: 0.4608695652173913
