Training Time: 20.767485
Testing Time: 2.48382
Accuracy: 0.5194805194805194
Precision: 0.9545454545454546
Recall: 1.0
