Training Time: 1.0059203
Testing Time: 0.0574083
Accuracy: 0.564935064935065
Precision: 0.9545454545454546
Recall: 1.0
