Training Time: 4.658713
Testing Time: 0.4455052
Accuracy: 0.7194244604316546
Precision: 0.8301886792452831
Recall: 0.676923076923077
