Training Time: 0.7088145
Testing Time: 0.0554457
Accuracy: 0.7266187050359713
Precision: 0.8431372549019608
Recall: 0.6615384615384615
