Training Time: 271.60846
Testing Time: 0.5304751
Accuracy: 0.7050359712230215
Precision: 0.8035714285714286
Recall: 0.6923076923076923
