Training Time: 13.108719
Testing Time: 1.2389916
Accuracy: 0.7410071942446043
Precision: 0.8461538461538461
Recall: 0.676923076923077
