Training Time: 728.75555
Testing Time: 24.221012
Accuracy: 0.7482014388489209
Precision: 0.0
Recall: 0.0
