Training Time: 6049.5483
Testing Time: 3.9779022
Accuracy: 0.7482014388489209
Precision: 0.0
Recall: 0.0
