Training Time: 1706.7584
Testing Time: 32.51758
Accuracy: 0.7482014388489209
Precision: 0.0
Recall: 0.0
