Training Time: 0.6653638
Testing Time: 2.511864
Accuracy: 0.9411764705882353
Precision: 1.0
Recall: 1.0
