Training Time: 20.66946
Testing Time: 1.2837557
Accuracy: 0.8790849673202614
Precision: 1.0
Recall: 1.0
