Training Time: 3344.463
Testing Time: 18.527302
Accuracy: 0.9183006535947712
Precision: 0.9560439560439561
Recall: 1.0
