Training Time: 362.26154
Testing Time: 1.9043084
Accuracy: 0.9
Precision: 1.0
Recall: 0.9166666666666666
