Training Time: 5.9733615
Testing Time: 0.3328169
Accuracy: 0.9333333333333333
Precision: 1.0
Recall: 0.9166666666666666
