Training Time: 158.61662
Testing Time: 1.9726177
Accuracy: 0.9
Precision: 0.9166666666666666
Recall: 0.9166666666666666
