Training Time: 29.807503
Testing Time: 0.0531237
Accuracy: 0.8666666666666667
Precision: 0.9166666666666666
Recall: 0.9166666666666666
