Training Time: 3.464238
Testing Time: 0.1944836
Accuracy: 0.84
Precision: 0.7906976744186046
Recall: 0.918918918918919
