Training Time: 0.2450483
Testing Time: 0.1194994
Accuracy: 0.8133333333333334
Precision: 0.7948717948717948
Recall: 0.8378378378378378
