Training Time: 202.89845
Testing Time: 2.4435148
Accuracy: 0.5844155844155844
Precision: 0.4666666666666667
Recall: 0.2413793103448276
