Training Time: 890.61896
Testing Time: 4.1295967
Accuracy: 0.551948051948052
Precision: 0.4444444444444444
Recall: 0.27586206896551724
