Training Time: 116875.875
Testing Time: 15.315017
Accuracy: 0.6038961038961039
Precision: 0.5384615384615384
Recall: 0.2413793103448276
