Training Time: 0.5163351
Testing Time: 0.0931555
Accuracy: 0.9666666666666667
Precision: 0.9859154929577465
Recall: 0.9459459459459459
