Training Time: 13.342163
Testing Time: 0.3210586
Accuracy: 0.96
Precision: 0.9594594594594594
Recall: 0.9594594594594594
