Training Time: 0.976526
Testing Time: 0.37645972
Accuracy: 0.9666666666666667
Precision: 0.9859154929577465
Recall: 0.9459459459459459
