Training Time: 209.9335
Testing Time: 0.74133426
Accuracy: 0.9
Precision: 0.8333333333333334
Recall: 1.0
