Training Time: 17543.838
Testing Time: 0.5841095
Accuracy: 0.9166666666666666
Precision: 0.8
Recall: 1.0
