Training Time: 3.8891597
Testing Time: 0.74342436
Accuracy: 1.0
Precision: 1.0
Recall: 1.0
