Training Time: 0.18601431
Testing Time: 0.0924385
Accuracy: 0.97
Precision: 1.0
Recall: 0.9473684210526315
