Training Time: 2.8947105
Testing Time: 0.3100809
Accuracy: 1.0
Precision: 1.0
Recall: 1.0
