Training Time: 1.0530071
Testing Time: 0.0529416
Accuracy: 0.577922077922078
Precision: 0.47368421052631576
Recall: 0.3103448275862069
