Training Time: 0.78339803
Testing Time: 0.0234123
Accuracy: 0.5844155844155844
Precision: 0.43478260869565216
Recall: 0.3448275862068966
