Training Time: 17.742147
Testing Time: 0.2954891
Accuracy: 0.5844155844155844
Precision: 0.5
Recall: 0.4482758620689655
