Training Time: 80.519424
Testing Time: 0.17949378
Accuracy: 0.512987012987013
Precision: 0.4090909090909091
Recall: 0.3103448275862069
