Training Time: 111155.086
Testing Time: 4.795376
Accuracy: 0.8
Precision: 0.7819548872180451
Recall: 0.832
