Training Time: 7.6908927
Testing Time: 0.31497958
Accuracy: 0.8666666666666667
Precision: 1.0
Recall: 0.9166666666666666
