Training Time: 0.076876305
Testing Time: 0.0349566
Accuracy: 0.8
Precision: 0.9166666666666666
Recall: 0.9166666666666666
