Training Time: 232.91673
Testing Time: 0.3344186
Accuracy: 0.8333333333333334
Precision: 0.9166666666666666
Recall: 0.9166666666666666
