Training Time: 1129.4719
Testing Time: 5.9291825
Accuracy: 0.8666666666666667
Precision: 0.9166666666666666
Recall: 0.9166666666666666
