Training Time: 16.998953
Testing Time: 0.543538
Accuracy: 0.8333333333333334
Precision: 1.0
Recall: 0.9166666666666666
