Training Time: 0.3487311
Testing Time: 0.0410648
Accuracy: 0.5611111111111111
Precision: 0.6896551724137931
Recall: 0.2222222222222222
