Training Time: 0.6752709
Testing Time: 0.0506375
Accuracy: 0.5777777777777777
Precision: 0.6206896551724138
Recall: 0.4
