Training Time: 257.21704
Testing Time: 2.6226356
Accuracy: 0.5844155844155844
Precision: 0.5
Recall: 0.2413793103448276
