Training Time: 1101.87
Testing Time: 5.280446
Accuracy: 0.5584415584415584
Precision: 0.5
Recall: 0.2413793103448276
