Training Time: 62.593487
Testing Time: 5.4995537
Accuracy: 0.5714285714285714
Precision: 0.4117647058823529
Recall: 0.2413793103448276
