Training Time: 1.2593017
Testing Time: 0.0755774
Accuracy: 0.487012987012987
Precision: 0.9111111111111111
Recall: 0.9761904761904762
