Training Time: 0.0841467
Testing Time: 0.0047445
Accuracy: 0.3888888888888889
Precision: 0.39285714285714285
Recall: 0.4074074074074074
