Training Time: 1.7176481
Testing Time: 0.0449078
Accuracy: 0.5740740740740741
Precision: 0.625
Recall: 0.37037037037037035
