Training Time: 10.470881
Testing Time: 0.0923078
Accuracy: 0.46296296296296297
Precision: 0.45
Recall: 0.3333333333333333
