Training Time: 3.2895122
Testing Time: 0.4532878
Accuracy: 0.8486486486486486
Precision: 0.7753623188405797
Recall: 0.8106060606060606
