Training Time: 189.86482
Testing Time: 0.53474873
Accuracy: 0.8594594594594595
Precision: 0.773972602739726
Recall: 0.8560606060606061
