Training Time: 1.3236058
Testing Time: 0.0760173
Accuracy: 0.7972508591065293
Precision: 0.8
Recall: 0.4782608695652174
