Training Time: 143.35417
Testing Time: 4.3728323
Accuracy: 0.8487972508591065
Precision: 0.9444444444444444
Recall: 0.5543478260869565
