Training Time: 697.9822
Testing Time: 1.7596073
Accuracy: 0.8694158075601375
Precision: 0.8970588235294118
Recall: 0.6630434782608695
