Training Time: 31.738405
Testing Time: 4.4278674
Accuracy: 0.8316151202749141
Precision: 0.8412698412698413
Recall: 0.5760869565217391
