Training Time: 3.5349538
Testing Time: 4.2820673
Accuracy: 0.9847501622323167
Precision: 0.9814502529510961
Recall: 0.8751879699248121
