Training Time: 1.6568581
Testing Time: 2.6616046
Accuracy: 0.9841012329656067
Precision: 0.9478672985781991
Recall: 0.9022556390977443
