Training Time: 56.772808
Testing Time: 28.620367
Accuracy: 0.9798831927319922
Precision: 0.9891500904159132
Recall: 0.8225563909774436
