Training Time: 117.251915
Testing Time: 9.467934
Accuracy: 0.9925373134328358
Precision: 0.9682299546142209
Recall: 0.9624060150375939
