Training Time: 0.2485827
Testing Time: 0.0159687
Accuracy: 0.512987012987013
Precision: 0.9285714285714286
Recall: 0.9285714285714286
