Training Time: 4.0018945
Testing Time: 0.0884364
Accuracy: 0.5
Precision: 0.9130434782608695
Recall: 1.0
