Training Time: 26.109947
Testing Time: 0.0533396
Accuracy: 0.45454545454545453
Precision: 0.9534883720930233
Recall: 0.9761904761904762
