Training Time: 1.6740993
Testing Time: 0.2341853
Accuracy: 0.8864864864864865
Precision: 0.8409090909090909
Recall: 0.8409090909090909
