Training Time: 3493.9216
Testing Time: 27.967962
Accuracy: 0.9351351351351351
Precision: 0.8698630136986302
Recall: 0.9621212121212122
