Training Time: 14616.948
Testing Time: 78.08144
Accuracy: 0.918918918918919
Precision: 0.8541666666666666
Recall: 0.9318181818181818
