Training Time: 183477.5
Testing Time: 73.342766
Accuracy: 0.927027027027027
Precision: 0.8888888888888888
Recall: 0.9090909090909091
