Training Time: 2.1610188
Testing Time: 0.5299417
Accuracy: 0.9642857142857143
Precision: 1.0
Recall: 0.9230769230769231
