Training Time: 4.578261
Testing Time: 0.5305539
Accuracy: 0.9642857142857143
Precision: 1.0
Recall: 0.9230769230769231
