Training Time: 15.843629
Testing Time: 1.6574111
Accuracy: 0.5454545454545454
Precision: 0.9545454545454546
Recall: 1.0
