Training Time: 1245.8165
Testing Time: 4.3834066
Accuracy: 0.5194805194805194
Precision: 0.9545454545454546
Recall: 1.0
