Training Time: 135200.16
Testing Time: 1.2238692
Accuracy: 0.5909090909090909
Precision: 0.9545454545454546
Recall: 1.0
