Training Time: 53.632866
Testing Time: 3.8490689
Accuracy: 0.5324675324675324
Precision: 0.9545454545454546
Recall: 1.0
