Training Time: 311.85336
Testing Time: 1.301742
Accuracy: 0.99
Precision: 1.0
Recall: 1.0
