Training Time: 13.7745695
Testing Time: 1.775456
Accuracy: 0.89
Precision: 0.7272727272727273
Recall: 0.8421052631578947
