Training Time: 33.75223
Testing Time: 3.0351887
Accuracy: 0.89
Precision: 0.7272727272727273
Recall: 0.8421052631578947
