Training Time: 0.2501274
Testing Time: 0.0204116
Accuracy: 0.5365853658536586
Precision: 0.8734177215189873
Recall: 0.9583333333333334
