Training Time: 25.182291
Testing Time: 0.14058979
Accuracy: 0.7073170731707317
Precision: 0.8765432098765432
Recall: 0.9861111111111112
