Training Time: 1.571437
Testing Time: 0.1035312
Accuracy: 0.7319587628865979
Precision: 0.7281553398058253
Recall: 0.6
