Training Time: 28.437569
Testing Time: 1.5691795
Accuracy: 0.551948051948052
Precision: 0.9545454545454546
Recall: 1.0
