Training Time: 1.1108378
Testing Time: 0.0893094
Accuracy: 0.538961038961039
Precision: 0.9545454545454546
Recall: 1.0
