Training Time: 1917.7566
Testing Time: 6.9409614
Accuracy: 0.5324675324675324
Precision: 0.9545454545454546
Recall: 1.0
