Training Time: 88.6292
Testing Time: 2.4740672
Accuracy: 0.5714285714285714
Precision: 0.9545454545454546
Recall: 1.0
