Training Time: 41.412983
Testing Time: 0.36614203
Accuracy: 0.564935064935065
Precision: 0.9545454545454546
Recall: 1.0
