Training Time: 21.025953
Testing Time: 2.4667192
Accuracy: 0.551948051948052
Precision: 0.9545454545454546
Recall: 1.0
