Training Time: 1.0847417
Testing Time: 0.067188
Accuracy: 0.525974025974026
Precision: 0.9545454545454546
Recall: 1.0
