Training Time: 260.91003
Testing Time: 2.430942
Accuracy: 0.5714285714285714
Precision: 0.9545454545454546
Recall: 1.0
