Training Time: 0.3520057
Testing Time: 0.0089894
Accuracy: 0.55
Precision: 0.6666666666666666
Recall: 0.2
