Training Time: 0.0380859
Testing Time: 0.0059627
Accuracy: 0.65
Precision: 0.7142857142857143
Recall: 0.5
