Training Time: 10.949335
Testing Time: 0.0578575
Accuracy: 0.5
Precision: 0.5
Recall: 0.2
