Training Time: 64.880035
Testing Time: 0.3752993
Accuracy: 0.5
Precision: 0.5
Recall: 0.7
