Training Time: 0.639757
Testing Time: 0.0061971
Accuracy: 0.6
Precision: 1.0
Recall: 0.2
