Training Time: 56.87432
Testing Time: 0.1608883
Accuracy: 1.0
Precision: 1.0
Recall: 1.0
