Training Time: 203.77434
Testing Time: 0.18580249
Accuracy: 0.9285714285714286
Precision: 1.0
Recall: 0.8461538461538461
