Training Time: 4.0844193
Testing Time: 0.5467397
Accuracy: 1.0
Precision: 1.0
Recall: 1.0
