Training Time: 1.2531943
Testing Time: 0.0475279
Accuracy: 0.7938144329896907
Precision: 0.7580645161290323
Recall: 0.5108695652173914
