Training Time: 100.53178
Testing Time: 2.518994
Accuracy: 0.8006872852233677
Precision: 0.8863636363636364
Recall: 0.42391304347826086
