Training Time: 346.95377
Testing Time: 1.6137539
Accuracy: 0.7972508591065293
Precision: 0.7142857142857143
Recall: 0.5978260869565217
