Training Time: 187938.06
Testing Time: 1.6670231
Accuracy: 0.8316151202749141
Precision: 0.8028169014084507
Recall: 0.6195652173913043
