Training Time: 418.362
Testing Time: 0.085187905
Accuracy: 0.8178694158075601
Precision: 0.7671232876712328
Recall: 0.6086956521739131
