Training Time: 2.0893242
Testing Time: 0.0464564
Accuracy: 0.8041237113402062
Precision: 0.7272727272727273
Recall: 0.6086956521739131
