Training Time: 39.976185
Testing Time: 0.9829876
Accuracy: 0.5979381443298969
Precision: 0.5769230769230769
Recall: 0.24
