Training Time: 201.2968
Testing Time: 1.1917973
Accuracy: 0.7079037800687286
Precision: 0.696078431372549
Recall: 0.568
