Training Time: 19.894493
Testing Time: 3.2266738
Accuracy: 0.7707317073170732
Precision: 0.8780487804878049
Recall: 1.0
