Training Time: 253.54782
Testing Time: 3.460005
Accuracy: 0.7902439024390244
Precision: 0.8780487804878049
Recall: 1.0
