Training Time: 1819.4513
Testing Time: 3.9400053
Accuracy: 0.7753623188405797
Precision: 0.7731958762886598
Recall: 0.6521739130434783
