Training Time: 894.7457
Testing Time: 0.6704217
Accuracy: 0.5555555555555556
Precision: 0.56
Recall: 0.5185185185185185
