Training Time: 11.755435
Testing Time: 1.3454819
Accuracy: 0.6481481481481481
Precision: 0.7
Recall: 0.5185185185185185
