Training Time: 0.6794604
Testing Time: 0.0507526
Accuracy: 0.6906474820143885
Precision: 0.8113207547169812
Recall: 0.6615384615384615
