Training Time: 27.847122
Testing Time: 0.6407906
Accuracy: 0.7338129496402878
Precision: 0.8936170212765957
Recall: 0.6461538461538462
