Training Time: 144.37796
Testing Time: 0.65219253
Accuracy: 0.7266187050359713
Precision: 0.8275862068965517
Recall: 0.7384615384615385
