Training Time: 85291.055
Testing Time: 14.6584425
Accuracy: 0.762589928057554
Precision: 0.8679245283018868
Recall: 0.7076923076923077
