Training Time: 5.1971283
Testing Time: 0.17497379
Accuracy: 0.7266187050359713
Precision: 0.8235294117647058
Recall: 0.6461538461538462
