Training Time: 1.351769
Testing Time: 0.0775285
Accuracy: 0.7065217391304348
Precision: 0.6931818181818182
Recall: 0.5304347826086957
