Training Time: 138.09607
Testing Time: 3.0478456
Accuracy: 0.6485507246376812
Precision: 0.7045454545454546
Recall: 0.26956521739130435
