Training Time: 151776.19
Testing Time: 90.173965
Accuracy: 0.7028985507246377
Precision: 0.6941176470588235
Recall: 0.5130434782608696
