Training Time: 384.40448
Testing Time: 0.073780894
Accuracy: 0.7391304347826086
Precision: 0.7471264367816092
Recall: 0.5652173913043478
