Training Time: 2.1271408
Testing Time: 0.0566667
Accuracy: 0.7282608695652174
Precision: 0.7127659574468085
Recall: 0.5826086956521739
