Training Time: 0.0561338
Testing Time: 0.0294698
Accuracy: 0.75
Precision: 0.7777777777777778
Recall: 0.7
