Training Time: 179.65944
Testing Time: 0.2126637
Accuracy: 0.95
Precision: 1.0
Recall: 0.9
