Training Time: 961.3179
Testing Time: 1.1014748
Accuracy: 0.65
Precision: 0.6363636363636364
Recall: 0.7
