Training Time: 9.363747
Testing Time: 0.5286889
Accuracy: 0.95
Precision: 1.0
Recall: 0.9
