Training Time: 1.4588729
Testing Time: 0.1822789
Accuracy: 0.9
Precision: 1.0
Recall: 0.9166666666666666
