Training Time: 40.099445
Testing Time: 0.1474908
Accuracy: 0.8333333333333334
Precision: 0.8461538461538461
Recall: 0.9166666666666666
