Training Time: 0.1515909
Testing Time: 0.0593869
Accuracy: 0.7833333333333333
Precision: 0.7307692307692307
Recall: 0.95
