Training Time: 21203.611
Testing Time: 7.75264
Accuracy: 0.8833333333333333
Precision: 0.8
Recall: 1.0
