Training Time: 48.38327
Testing Time: 1.9017417
Accuracy: 0.85
Precision: 0.9
Recall: 0.9
