Training Time: 0.4609707
Testing Time: 0.0450077
Accuracy: 0.5625
Precision: 0.0
Recall: 0.0
