Training Time: 0.1160646
Testing Time: 0.0133746
Accuracy: 0.546875
Precision: 0.44
Recall: 0.4230769230769231
