Training Time: 1.1200402
Testing Time: 0.0418955
Accuracy: 0.551948051948052
Precision: 0.9545454545454546
Recall: 1.0
