Training Time: 98.60709
Testing Time: 0.225243
Accuracy: 0.5
Precision: 0.9545454545454546
Recall: 1.0
