Training Time: 0.1085679
Testing Time: 0.007952
Accuracy: 0.7615384615384615
Precision: 0.18181818181818182
Recall: 0.08333333333333333
