Training Time: 0.0461599
Testing Time: 0.0201227
Accuracy: 0.7230769230769231
Precision: 0.38461538461538464
Recall: 0.8333333333333334
