Training Time: 17.237902
Testing Time: 0.0207368
Accuracy: 0.6615384615384615
Precision: 0.3076923076923077
Recall: 0.6666666666666666
