Training Time: 2.1632307
Testing Time: 0.5165785
Accuracy: 0.9642857142857143
Precision: 1.0
Recall: 0.9230769230769231
