Training Time: 59.42903
Testing Time: 0.17224671
Accuracy: 0.9642857142857143
Precision: 1.0
Recall: 0.9230769230769231
