Training Time: 4.573031
Testing Time: 0.53364676
Accuracy: 0.9642857142857143
Precision: 1.0
Recall: 0.9230769230769231
