Training Time: 0.8205432
Testing Time: 0.0476432
Accuracy: 0.49444444444444446
Precision: 0.48936170212765956
Recall: 0.25555555555555554
