Training Time: 0.0388112
Testing Time: 0.1191369
Accuracy: 0.6388888888888888
Precision: 0.6470588235294118
Recall: 0.6111111111111112
