Training Time: 21.482882
Testing Time: 0.7197685
Accuracy: 0.45555555555555555
Precision: 0.4726027397260274
Recall: 0.7666666666666667
