Training Time: 107.29108
Testing Time: 6.1133814
Accuracy: 0.5111111111111111
Precision: 0.5121951219512195
Recall: 0.4666666666666667
