Training Time: 1.4635246
Testing Time: 0.0767264
Accuracy: 0.4888888888888889
Precision: 0.4444444444444444
Recall: 0.08888888888888889
