Training Time: 0.0208283
Testing Time: 0.0484904
Accuracy: 0.6838602329450915
Precision: 0.5776255707762558
Recall: 0.9806201550387597
