Training Time: 0.0552423
Testing Time: 0.0565144
Accuracy: 0.6405990016638935
Precision: 0.5446808510638298
Recall: 0.9922480620155039
