Training Time: 38.581676
Testing Time: 0.1039203
Accuracy: 0.65
Precision: 0.6666666666666666
Recall: 0.6
