Training Time: 221.01494
Testing Time: 0.1398581
Accuracy: 0.5
Precision: 0.5
Recall: 0.2
