Training Time: 2.4578419
Testing Time: 0.0169788
Accuracy: 0.7
Precision: 0.8333333333333334
Recall: 0.5
