Training Time: 19.847822
Testing Time: 0.0243892
Accuracy: 0.5
Precision: 0.5
Recall: 0.4
