Training Time: 1.0347173
Testing Time: 0.1902017
Accuracy: 0.6
Precision: 0.6666666666666666
Recall: 0.4
