Training Time: 0.6037224
Testing Time: 0.0296882
Accuracy: 0.824390243902439
Precision: 0.9117647058823529
Recall: 0.93
