Training Time: 1.3830501
Testing Time: 0.1286256
Accuracy: 0.9944444444444445
Precision: 0.989010989010989
Recall: 1.0
