Training Time: 0.0432618
Testing Time: 0.22155951
Accuracy: 0.9833333333333333
Precision: 0.978021978021978
Recall: 0.9888888888888889
