Training Time: 36.881866
Testing Time: 0.9585425
Accuracy: 0.9944444444444445
Precision: 0.989010989010989
Recall: 1.0
