Training Time: 361.3118
Testing Time: 1.9103276
Accuracy: 0.5666666666666667
Precision: 0.59375
Recall: 0.4222222222222222
