Training Time: 2.5626953
Testing Time: 0.1702701
Accuracy: 0.9944444444444445
Precision: 0.989010989010989
Recall: 1.0
