Training Time: 17.515713
Testing Time: 0.2798416
Accuracy: 0.8166666666666667
Precision: 0.8131868131868132
Recall: 0.8222222222222222
