Training Time: 1.1503264
Testing Time: 1.7970922
Accuracy: 0.8388888888888889
Precision: 0.7798165137614679
Recall: 0.9444444444444444
