Training Time: 6.972655
Testing Time: 0.66665906
Accuracy: 0.6906474820143885
Precision: 0.8035714285714286
Recall: 0.6923076923076923
