Training Time: 81.87882
Testing Time: 1.168893
Accuracy: 0.6834532374100719
Precision: 0.8837209302325582
Recall: 0.5846153846153846
