Training Time: 453.26538
Testing Time: 0.95115644
Accuracy: 0.7410071942446043
Precision: 0.86
Recall: 0.6615384615384615
