Training Time: 14.9228735
Testing Time: 1.4899969
Accuracy: 0.7050359712230215
Precision: 0.8148148148148148
Recall: 0.676923076923077
