Training Time: 0.8805741
Testing Time: 0.5715729
Accuracy: 0.9295555555555556
Precision: 0.8181818181818182
Recall: 0.15428571428571428
