Training Time: 256.21613
Testing Time: 10.501095
Accuracy: 0.9322222222222222
Precision: 0.4
Recall: 0.09090909090909091
