Training Time: 142621.62
Testing Time: 533.93353
Accuracy: 0.9293333333333333
Precision: 0.6756756756756757
Recall: 0.2857142857142857
