Training Time: 12.651277
Testing Time: 39.918697
Accuracy: 0.9268888888888889
Precision: 0.9090909090909091
Recall: 0.17142857142857143
