Training Time: 0.0293636
Testing Time: 0.0118964
Accuracy: 0.84
Precision: 0.7906976744186046
Recall: 0.918918918918919
