Training Time: 1.0192343
Testing Time: 0.0858583
Accuracy: 0.8733333333333333
Precision: 0.8767123287671232
Recall: 0.8648648648648649
