Training Time: 5.2667913
Testing Time: 0.0174731
Accuracy: 0.9066666666666666
Precision: 0.8846153846153846
Recall: 0.9324324324324325
