Training Time: 0.57041293
Testing Time: 0.0528297
Accuracy: 0.6304347826086957
Precision: 0.5643564356435643
Recall: 0.4956521739130435
