Training Time: 7.925958
Testing Time: 0.2281398
Accuracy: 0.6884057971014492
Precision: 0.7164179104477612
Recall: 0.41739130434782606
