Training Time: 36.867302
Testing Time: 0.0989579
Accuracy: 0.7028985507246377
Precision: 0.6633663366336634
Recall: 0.5826086956521739
