Training Time: 0.9724065
Testing Time: 0.0852876
Accuracy: 0.7609756097560976
Precision: 0.8780487804878049
Recall: 1.0
