Training Time: 118372.76
Testing Time: 37.78859
Accuracy: 0.7902439024390244
Precision: 0.8780487804878049
Recall: 1.0
