Training Time: 0.3152696
Testing Time: 0.0267603
Accuracy: 0.5902439024390244
Precision: 0.8313253012048193
Recall: 0.9583333333333334
