Training Time: 0.9175179
Testing Time: 0.0495172
Accuracy: 0.7219512195121951
Precision: 0.8734177215189873
Recall: 0.9583333333333334
