Training Time: 4.7402687
Testing Time: 0.1469149
Accuracy: 0.6585365853658537
Precision: 0.8
Recall: 1.0
