Training Time: 0.080382
Testing Time: 0.0058055
Accuracy: 0.49444444444444446
Precision: 0.47058823529411764
Recall: 0.08888888888888889
