Training Time: 0.0299584
Testing Time: 0.0367042
Accuracy: 0.5944444444444444
Precision: 0.6075949367088608
Recall: 0.5333333333333333
