Training Time: 26.169804
Testing Time: 0.21171169
Accuracy: 0.4722222222222222
Precision: 0.47126436781609193
Recall: 0.45555555555555555
