Training Time: 0.2712191
Testing Time: 0.0157379
Accuracy: 0.6258992805755396
Precision: 0.7872340425531915
Recall: 0.5692307692307692
