Training Time: 0.8432062
Testing Time: 0.0477777
Accuracy: 0.7050359712230215
Precision: 0.7966101694915254
Recall: 0.7230769230769231
