Training Time: 22.40822
Testing Time: 0.0075443
Accuracy: 0.6474820143884892
Precision: 0.7627118644067796
Recall: 0.6923076923076923
