Training Time: 1.8863616
Testing Time: 0.5242234
Accuracy: 0.5555555555555556
Precision: 0.56
Recall: 0.5185185185185185
