Training Time: 0.0870457
Testing Time: 0.0267268
Accuracy: 0.7037037037037037
Precision: 0.6896551724137931
Recall: 0.7407407407407407
