Training Time: 394.04816
Testing Time: 0.3183644
Accuracy: 0.5925925925925926
Precision: 0.6
Recall: 0.5555555555555556
