Training Time: 6.634148
Testing Time: 0.8364603
Accuracy: 0.5740740740740741
Precision: 0.5833333333333334
Recall: 0.5185185185185185
