Training Time: 2.8227036
Testing Time: 0.1524245
Accuracy: 0.95
Precision: 1.0
Recall: 0.9
