Training Time: 0.0558124
Testing Time: 0.0322294
Accuracy: 0.7
Precision: 0.75
Recall: 0.6
