Training Time: 84.18496
Testing Time: 0.1457208
Accuracy: 0.95
Precision: 1.0
Recall: 0.9
