Training Time: 5.113367
Testing Time: 0.3226543
Accuracy: 0.95
Precision: 1.0
Recall: 0.9
