Training Time: 14.57522
Testing Time: 2.1504822
Accuracy: 0.7285223367697594
Precision: 0.7241379310344828
Recall: 0.22826086956521738
