Training Time: 5.415632
Testing Time: 0.0970363
Accuracy: 0.9
Precision: 1.0
Recall: 0.8
