Training Time: 0.071005
Testing Time: 0.03785
Accuracy: 0.85
Precision: 1.0
Recall: 0.7
