Training Time: 146.00513
Testing Time: 0.1560131
Accuracy: 0.95
Precision: 0.9090909090909091
Recall: 1.0
