Training Time: 8.500515
Testing Time: 0.1699282
Accuracy: 0.8
Precision: 1.0
Recall: 0.6
