Training Time: 3.9603026
Testing Time: 0.3131105
Accuracy: 0.6838487972508591
Precision: 0.6204379562043796
Recall: 0.68
