Training Time: 0.0348251
Testing Time: 0.0059804
Accuracy: 0.65
Precision: 0.7142857142857143
Recall: 0.5
