Training Time: 10.94535
Testing Time: 0.0600528
Accuracy: 0.5
Precision: 0.5
Recall: 0.2
