Training Time: 64.97318
Testing Time: 0.0686587
Accuracy: 0.65
Precision: 0.6363636363636364
Recall: 0.7
