Training Time: 0.64120716
Testing Time: 0.0060921
Accuracy: 0.6
Precision: 1.0
Recall: 0.2
