Training Time: 1.2688967
Testing Time: 0.1814093
Accuracy: 0.9135135135135135
Precision: 0.8676470588235294
Recall: 0.8939393939393939
