Training Time: 2182.5813
Testing Time: 21.22317
Accuracy: 0.9540540540540541
Precision: 0.9136690647482014
Recall: 0.9621212121212122
