Training Time: 749.08966
Testing Time: 83.667915
Accuracy: 0.9540540540540541
Precision: 0.9136690647482014
Recall: 0.9621212121212122
