Training Time: 1.3691906
Testing Time: 0.4025809
Accuracy: 0.9307692307692308
Precision: 0.8260869565217391
Recall: 0.7916666666666666
