Training Time: 216.85764
Testing Time: 4.428388
Accuracy: 0.8692307692307693
Precision: 0.6060606060606061
Recall: 0.8333333333333334
