Training Time: 4.8489733
Testing Time: 0.4743011
Accuracy: 0.6834532374100719
Precision: 0.8490566037735849
Recall: 0.6923076923076923
