Training Time: 0.72202647
Testing Time: 0.0411393
Accuracy: 0.7122302158273381
Precision: 0.9130434782608695
Recall: 0.6461538461538462
