Training Time: 61.675983
Testing Time: 1.0665306
Accuracy: 0.7122302158273381
Precision: 0.8775510204081632
Recall: 0.6615384615384615
