Training Time: 130717.41
Testing Time: 30.039352
Accuracy: 0.7050359712230215
Precision: 0.8541666666666666
Recall: 0.6307692307692307
