Training Time: 12.935433
Testing Time: 0.8688051
Accuracy: 0.697841726618705
Precision: 0.8653846153846154
Recall: 0.6923076923076923
