Training Time: 820.14233
Testing Time: 33.366737
Accuracy: 0.7122302158273381
Precision: 0.9302325581395349
Recall: 0.6153846153846154
