Training Time: 2.362127
Testing Time: 0.0363764
Accuracy: 0.6690647482014388
Precision: 0.7818181818181819
Recall: 0.6615384615384615
