Training Time: 1.0535461
Testing Time: 1.6133835
Accuracy: 0.9284444444444444
Precision: 0.8461538461538461
Recall: 0.18857142857142858
