Training Time: 4072.3022
Testing Time: 262.12604
Accuracy: 0.9364444444444444
Precision: 0.6666666666666666
Recall: 0.18181818181818182
