Training Time: 159248.53
Testing Time: 940.2154
Accuracy: 0.9382222222222222
Precision: 0.9111111111111111
Recall: 0.2342857142857143
