Training Time: 249.21033
Testing Time: 634.8521
Accuracy: 0.9411111111111111
Precision: 1.0
Recall: 0.045454545454545456
