Training Time: 0.140152
Testing Time: 0.0448319
Accuracy: 0.99
Precision: 0.95
Recall: 1.0
