Training Time: 7.5303454
Testing Time: 1.1960851
Accuracy: 0.7707317073170732
Precision: 0.8780487804878049
Recall: 1.0
