Training Time: 0.78067
Testing Time: 0.0588714
Accuracy: 0.7853658536585366
Precision: 0.8780487804878049
Recall: 1.0
