Training Time: 108.77387
Testing Time: 2.5264244
Accuracy: 0.7902439024390244
Precision: 0.8780487804878049
Recall: 1.0
