Training Time: 120414.61
Testing Time: 2.8009183
Accuracy: 0.8146341463414634
Precision: 0.8780487804878049
Recall: 1.0
