Training Time: 24.965086
Testing Time: 2.436752
Accuracy: 0.7707317073170732
Precision: 0.8780487804878049
Recall: 1.0
