Training Time: 696.77094
Testing Time: 0.7226409
Accuracy: 0.5625
Precision: 0.4375
Recall: 0.2692307692307692
