Training Time: 9.590063
Testing Time: 0.0986962
Accuracy: 0.546875
Precision: 0.42105263157894735
Recall: 0.3076923076923077
