Training Time: 1.2640779
Testing Time: 0.078347504
Accuracy: 0.5064935064935064
Precision: 0.35294117647058826
Recall: 0.41379310344827586
