Training Time: 0.8091415
Testing Time: 0.0367782
Accuracy: 0.5454545454545454
Precision: 0.4117647058823529
Recall: 0.2413793103448276
