Training Time: 21.130232
Testing Time: 0.3399949
Accuracy: 0.487012987012987
Precision: 0.3111111111111111
Recall: 0.4827586206896552
