Training Time: 96.18614
Testing Time: 0.5391305
Accuracy: 0.4805194805194805
Precision: 0.34782608695652173
Recall: 0.27586206896551724
