Training Time: 116675.71
Testing Time: 0.44934648
Accuracy: 0.45454545454545453
Precision: 0.28205128205128205
Recall: 0.3793103448275862
