Training Time: 3.0985515
Testing Time: 0.18353249
Accuracy: 0.487012987012987
Precision: 0.35294117647058826
Recall: 0.41379310344827586
