Training Time: 0.0556979
Testing Time: 0.026936
Accuracy: 0.7
Precision: 1.0
Recall: 0.4
