Training Time: 5.999939
Testing Time: 0.65420973
Accuracy: 0.5194805194805194
Precision: 0.2916666666666667
Recall: 0.2413793103448276
