Training Time: 0.70965654
Testing Time: 0.0489208
Accuracy: 0.6168831168831169
Precision: 0.5
Recall: 0.2413793103448276
