Training Time: 71.00658
Testing Time: 1.516899
Accuracy: 0.551948051948052
Precision: 0.35
Recall: 0.2413793103448276
