Training Time: 387.0629
Testing Time: 1.7617145
Accuracy: 0.5454545454545454
Precision: 0.391304347826087
Recall: 0.3103448275862069
