Training Time: 14.865314
Testing Time: 1.4795115
Accuracy: 0.512987012987013
Precision: 0.28
Recall: 0.2413793103448276
