Training Time: 240.5704
Testing Time: 0.2316809
Accuracy: 0.9642857142857143
Precision: 1.0
Recall: 0.9230769230769231
