Training Time: 5.3699574
Testing Time: 0.55128014
Accuracy: 0.9642857142857143
Precision: 1.0
Recall: 0.9230769230769231
