Training Time: 0.6840573
Testing Time: 0.0311761
Accuracy: 0.577922077922078
Precision: 0.5
Recall: 0.3103448275862069
