Training Time: 248.03886
Testing Time: 1.0346435
Accuracy: 0.551948051948052
Precision: 0.3333333333333333
Recall: 0.27586206896551724
