Training Time: 119145.57
Testing Time: 0.394756
Accuracy: 0.564935064935065
Precision: 0.3684210526315789
Recall: 0.2413793103448276
