Training Time: 215.48912
Testing Time: 0.0616192
Accuracy: 0.5064935064935064
Precision: 0.4
Recall: 0.27586206896551724
