Training Time: 19.262451
Testing Time: 4.4206543
Accuracy: 0.9
Precision: 0.9090909090909091
Recall: 1.0
