Training Time: 0.1194832
Testing Time: 0.0605055
Accuracy: 0.7833333333333333
Precision: 0.625
Recall: 1.0
