Training Time: 2146.0474
Testing Time: 22.696848
Accuracy: 0.9333333333333333
Precision: 0.8333333333333334
Recall: 1.0
