Training Time: 51.30688
Testing Time: 2.500292
Accuracy: 0.9333333333333333
Precision: 0.9090909090909091
Recall: 1.0
