Training Time: 30.383432
Testing Time: 5.0348663
Accuracy: 0.872852233676976
Precision: 0.9824561403508771
Recall: 0.6086956521739131
