Training Time: 357.60193
Testing Time: 7.042868
Accuracy: 0.8556701030927835
Precision: 0.9629629629629629
Recall: 0.5652173913043478
