Training Time: 85.137
Testing Time: 10.920198
Accuracy: 0.8694158075601375
Precision: 0.95
Recall: 0.6195652173913043
