Training Time: 2.0441864
Testing Time: 0.3506265
Accuracy: 0.9809523809523809
Precision: 1.0
Recall: 1.0
