Training Time: 0.18162301
Testing Time: 0.0366551
Accuracy: 0.9619047619047619
Precision: 1.0
Recall: 1.0
