Training Time: 1.3421559
Testing Time: 0.096906
Accuracy: 0.8316151202749141
Precision: 0.8412698412698413
Recall: 0.5760869565217391
