Training Time: 29.571844
Testing Time: 0.8654461
Accuracy: 0.7972508591065293
Precision: 0.9459459459459459
Recall: 0.3804347826086957
