Training Time: 129.50256
Testing Time: 0.37125129
Accuracy: 0.8041237113402062
Precision: 0.7397260273972602
Recall: 0.5869565217391305
