Training Time: 187462.31
Testing Time: 64.121445
Accuracy: 0.8762886597938144
Precision: 0.9242424242424242
Recall: 0.6630434782608695
