Training Time: 5.3728957
Testing Time: 0.28943652
Accuracy: 0.7594501718213058
Precision: 0.5964912280701754
Recall: 0.7391304347826086
