Training Time: 16.287262
Testing Time: 0.1577604
Accuracy: 0.546875
Precision: 0.42105263157894735
Recall: 0.3076923076923077
