Training Time: 35.19758
Testing Time: 0.2855401
Accuracy: 0.609375
Precision: 0.5294117647058824
Recall: 0.34615384615384615
