Training Time: 7.240933
Testing Time: 0.1898592
Accuracy: 0.7
Precision: 1.0
Recall: 0.4
