Training Time: 534.54004
Testing Time: 2.471474
Accuracy: 0.97
Precision: 0.9444444444444444
Recall: 0.8947368421052632
