Training Time: 0.0296174
Testing Time: 0.0055547
Accuracy: 0.6533333333333333
Precision: 0.5964912280701754
Recall: 0.918918918918919
