Training Time: 7.3288713
Testing Time: 0.0114083
Accuracy: 0.6666666666666666
Precision: 0.62
Recall: 0.8378378378378378
