Training Time: 85.74731
Testing Time: 0.1997095
Accuracy: 1.0
Precision: 1.0
Recall: 1.0
