Training Time: 276.20404
Testing Time: 0.118007295
Accuracy: 0.9642857142857143
Precision: 1.0
Recall: 0.9230769230769231
