Training Time: 36.445843
Testing Time: 97.42043
Accuracy: 0.938
Precision: 0.8653846153846154
Recall: 0.2571428571428571
