Training Time: 0.99238116
Testing Time: 1.5447317
Accuracy: 0.9331111111111111
Precision: 0.7288135593220338
Recall: 0.24571428571428572
