Training Time: 1498.1096
Testing Time: 103.77765
Accuracy: 0.936
Precision: 0.3333333333333333
Recall: 0.09090909090909091
