Training Time: 1.2379264
Testing Time: 0.2450677
Accuracy: 1.0
Precision: 1.0
Recall: 1.0
