Training Time: 0.1816659
Testing Time: 0.0379741
Accuracy: 0.9619047619047619
Precision: 1.0
Recall: 1.0
