Training Time: 138.86235
Testing Time: 0.0649135
Accuracy: 0.9809523809523809
Precision: 1.0
Recall: 1.0
