Training Time: 30639.055
Testing Time: 11.478811
Accuracy: 0.9809523809523809
Precision: 1.0
Recall: 1.0
