Training Time: 3.1671462
Testing Time: 0.46819812
Accuracy: 1.0
Precision: 1.0
Recall: 1.0
