Training Time: 1.8168266
Testing Time: 0.0909113
Accuracy: 1.0
Precision: 1.0
Recall: 1.0
