Training Time: 0.07854489
Testing Time: 0.109347
Accuracy: 0.6622296173044925
Precision: 0.5599128540305011
Recall: 0.9961240310077519
