Training Time: 0.1739695
Testing Time: 0.0081919
Accuracy: 0.7142857142857143
Precision: 0.8571428571428571
Recall: 0.46153846153846156
