Training Time: 5.1695805
Testing Time: 0.0520036
Accuracy: 0.6785714285714286
Precision: 0.6666666666666666
Recall: 0.6153846153846154
