Training Time: 1.2860731
Testing Time: 0.008479099
Accuracy: 0.7
Precision: 0.7
Recall: 0.7
