Training Time: 192.51773
Testing Time: 0.8895971
Accuracy: 0.65
Precision: 0.6
Recall: 0.9
