Training Time: 1.2467418
Testing Time: 0.2031623
Accuracy: 0.6
Precision: 0.6
Recall: 0.6
