Training Time: 6.163329
Testing Time: 0.7548748
Accuracy: 0.577922077922078
Precision: 0.47058823529411764
Recall: 0.27586206896551724
