Training Time: 0.7620811
Testing Time: 0.0356304
Accuracy: 0.564935064935065
Precision: 0.391304347826087
Recall: 0.3103448275862069
