Training Time: 376.81824
Testing Time: 0.9618078
Accuracy: 0.551948051948052
Precision: 0.36363636363636365
Recall: 0.27586206896551724
