Training Time: 14.498443
Testing Time: 1.4207718
Accuracy: 0.5714285714285714
Precision: 0.4166666666666667
Recall: 0.3448275862068966
