Training Time: 7.6001534
Testing Time: 1.4501108
Accuracy: 0.8439024390243902
Precision: 0.9117647058823529
Recall: 0.93
