Training Time: 108.27852
Testing Time: 2.5021772
Accuracy: 0.848780487804878
Precision: 0.9393939393939394
Recall: 0.93
