Training Time: 112304.625
Testing Time: 57.62438
Accuracy: 0.8634146341463415
Precision: 0.9393939393939394
Recall: 0.93
