Training Time: 0.047681
Testing Time: 0.2133812
Accuracy: 0.8555555555555555
Precision: 0.8809523809523809
Recall: 0.8222222222222222
