Training Time: 125.61464
Testing Time: 1.6021723
Accuracy: 0.7277777777777777
Precision: 0.8253968253968254
Recall: 0.5777777777777777
