Training Time: 4.5993524
Testing Time: 1.0061184
Accuracy: 0.9230769230769231
Precision: 0.7916666666666666
Recall: 0.7916666666666666
