Training Time: 0.0662113
Testing Time: 0.09692089
Accuracy: 0.8153846153846154
Precision: 0.5
Recall: 0.7083333333333334
