Training Time: 863.04285
Testing Time: 31.503906
Accuracy: 0.8692307692307693
Precision: 0.6060606060606061
Recall: 0.8333333333333334
