Training Time: 2.7181497
Testing Time: 0.13224
Accuracy: 0.85
Precision: 0.8695652173913043
Recall: 1.0
