Training Time: 55.762466
Testing Time: 0.29669032
Accuracy: 0.8333333333333334
Precision: 0.8333333333333334
Recall: 1.0
