Training Time: 5.7047286
Testing Time: 0.17395951
Accuracy: 0.8166666666666667
Precision: 0.9090909090909091
Recall: 1.0
