Training Time: 198.37985
Testing Time: 486.02133
Accuracy: 0.9411111111111111
Precision: 1.0
Recall: 0.045454545454545456
