Training Time: 0.0958348
Testing Time: 0.0026704
Accuracy: 0.7
Precision: 0.8333333333333334
Recall: 0.5
