Training Time: 0.0314699
Testing Time: 0.0061282
Accuracy: 0.9
Precision: 0.9
Recall: 0.9
