Training Time: 2.7895799
Testing Time: 0.0327599
Accuracy: 0.9
Precision: 1.0
Recall: 0.8
