Training Time: 0.16396831
Testing Time: 0.0065072
Accuracy: 0.7
Precision: 1.0
Recall: 0.4
