Training Time: 0.07384711
Testing Time: 0.0402568
Accuracy: 0.9333333333333333
Precision: 0.8902439024390244
Recall: 0.9864864864864865
