Training Time: 15.1574
Testing Time: 0.4360903
Accuracy: 0.9666666666666667
Precision: 0.96
Recall: 0.972972972972973
