Training Time: 1.2809962
Testing Time: 0.6531737
Accuracy: 0.96
Precision: 0.9358974358974359
Recall: 0.9864864864864865
