Training Time: 37.81281
Testing Time: 70.59747
Accuracy: 0.991239454899416
Precision: 0.985691573926868
Recall: 0.9323308270676691
