Training Time: 1.2028551
Testing Time: 0.0578446
Accuracy: 0.5454545454545454
Precision: 0.9545454545454546
Recall: 1.0
