Training Time: 1236.4493
Testing Time: 4.669538
Accuracy: 0.525974025974026
Precision: 0.9545454545454546
Recall: 1.0
