Training Time: 38.553944
Testing Time: 3.3786316
Accuracy: 0.5324675324675324
Precision: 0.9545454545454546
Recall: 1.0
