Training Time: 6.5387216
Testing Time: 0.66378486
Accuracy: 0.7338129496402878
Precision: 0.8095238095238095
Recall: 0.7846153846153846
