Training Time: 0.71655667
Testing Time: 0.036385
Accuracy: 0.7266187050359713
Precision: 0.8214285714285714
Recall: 0.7076923076923077
