Training Time: 439.50055
Testing Time: 1.4494319
Accuracy: 0.7697841726618705
Precision: 0.8571428571428571
Recall: 0.7384615384615385
