Training Time: 87394.086
Testing Time: 1.0104383
Accuracy: 0.7697841726618705
Precision: 0.9
Recall: 0.6923076923076923
