Training Time: 14.128155
Testing Time: 1.4995581
Accuracy: 0.762589928057554
Precision: 0.7846153846153846
Recall: 0.7846153846153846
