Training Time: 3233.9607
Testing Time: 177.45824
Accuracy: 0.9920506164828033
Precision: 0.9827586206896551
Recall: 0.9428571428571428
