Training Time: 7231.5693
Testing Time: 308.09854
Accuracy: 0.9951330304996755
Precision: 0.9803328290468987
Recall: 0.9744360902255639
