Training Time: 1775.1654
Testing Time: 3031.6294
Accuracy: 0.9982154445165476
Precision: 0.9895209580838323
Recall: 0.9939849624060151
