Training Time: 0.5381531
Testing Time: 0.088681
Accuracy: 1.0
Precision: 1.0
Recall: 1.0
