Training Time: 0.0493318
Testing Time: 0.0092611
Accuracy: 0.7857142857142857
Precision: 0.7692307692307693
Recall: 0.7692307692307693
