Training Time: 62.224438
Testing Time: 0.3125176
Accuracy: 0.9285714285714286
Precision: 1.0
Recall: 0.8461538461538461
