Training Time: 0.98002684
Testing Time: 0.1114874
Accuracy: 1.0
Precision: 1.0
Recall: 1.0
