Training Time: 26.51653
Testing Time: 1.7240034
Accuracy: 1.0
Precision: 1.0
Recall: 1.0
