Training Time: 14.624293
Testing Time: 0.0162336
Accuracy: 0.9285714285714286
Precision: 0.9230769230769231
Recall: 0.9230769230769231
