Training Time: 0.33245093
Testing Time: 0.0546105
Accuracy: 1.0
Precision: 1.0
Recall: 1.0
