Training Time: 2197.2275
Testing Time: 19.173698
Accuracy: 0.7333333333333333
Precision: 0.8461538461538461
Recall: 0.9166666666666666
