Training Time: 26.619608
Testing Time: 0.0900978
Accuracy: 0.8
Precision: 0.8333333333333334
Recall: 0.8333333333333334
