Training Time: 33.761833
Testing Time: 5.9388175
Accuracy: 0.8694158075601375
Precision: 0.95
Recall: 0.6195652173913043
