Training Time: 1.5210979
Testing Time: 0.1129784
Accuracy: 0.8316151202749141
Precision: 0.8524590163934426
Recall: 0.5652173913043478
