Training Time: 172022.22
Testing Time: 36.14247
Accuracy: 0.8797250859106529
Precision: 0.9384615384615385
Recall: 0.6630434782608695
