Training Time: 35.63302
Testing Time: 0.6005132
Accuracy: 0.9307692307692308
Precision: 0.8
Recall: 0.8333333333333334
