Training Time: 9642.027
Testing Time: 0.6218105
Accuracy: 0.8538461538461538
Precision: 0.5862068965517241
Recall: 0.7083333333333334
