Training Time: 0.8383287
Testing Time: 0.51245856
Accuracy: 0.9153846153846154
Precision: 0.7407407407407407
Recall: 0.8333333333333334
