Training Time: 15.752531
Testing Time: 1.7132261
Accuracy: 0.6762589928057554
Precision: 0.8666666666666667
Recall: 0.6
