Training Time: 915.0081
Testing Time: 1.7824837
Accuracy: 0.7338129496402878
Precision: 0.8235294117647058
Recall: 0.6461538461538462
