Training Time: 39.869377
Testing Time: 3.2203095
Accuracy: 0.6906474820143885
Precision: 0.8181818181818182
Recall: 0.6923076923076923
