Training Time: 1.8638412
Testing Time: 0.076403104
Accuracy: 0.6666666666666666
Precision: 0.6521739130434783
Recall: 0.48
