Training Time: 2.4194992
Testing Time: 0.0210621
Accuracy: 0.7
Precision: 1.0
Recall: 0.4
