Training Time: 80.32407
Testing Time: 0.1100444
Accuracy: 0.7
Precision: 1.0
Recall: 0.4
