Training Time: 0.1911443
Testing Time: 0.0649577
Accuracy: 0.9904761904761905
Precision: 1.0
Recall: 1.0
