Training Time: 34.457443
Testing Time: 0.6746923
Accuracy: 1.0
Precision: 1.0
Recall: 1.0
