Training Time: 203.04305
Testing Time: 0.0900292
Accuracy: 1.0
Precision: 1.0
Recall: 1.0
