Training Time: 7.685056
Testing Time: 0.3322731
Accuracy: 0.8666666666666667
Precision: 1.0
Recall: 0.9166666666666666
