Training Time: 0.0755731
Testing Time: 0.0359429
Accuracy: 0.8
Precision: 0.9166666666666666
Recall: 0.9166666666666666
