Training Time: 232.907
Testing Time: 0.3358875
Accuracy: 0.8333333333333334
Precision: 0.9166666666666666
Recall: 0.9166666666666666
