Training Time: 17.000622
Testing Time: 0.54535234
Accuracy: 0.8333333333333334
Precision: 1.0
Recall: 0.9166666666666666
