Training Time: 89.901985
Testing Time: 216.54694
Accuracy: 0.9402222222222222
Precision: 1.0
Recall: 0.045454545454545456
