Training Time: 1.1216484
Testing Time: 1.6151793
Accuracy: 0.9284444444444444
Precision: 0.8461538461538461
Recall: 0.18857142857142858
