Training Time: 908.70325
Testing Time: 115.588
Accuracy: 0.9391111111111111
Precision: 1.0
Recall: 0.045454545454545456
