Training Time: 158833.36
Testing Time: 946.596
Accuracy: 0.9382222222222222
Precision: 0.9111111111111111
Recall: 0.2342857142857143
