Training Time: 268.7832
Testing Time: 636.6522
Accuracy: 0.9411111111111111
Precision: 1.0
Recall: 0.045454545454545456
