Training Time: 252.44502
Testing Time: 14.757764
Accuracy: 0.6233766233766234
Precision: 0.5344827586206896
Recall: 0.9393939393939394
