Training Time: 5524.2383
Testing Time: 3.1860092
Accuracy: 0.7272727272727273
Precision: 0.6666666666666666
Recall: 0.7272727272727273
