Training Time: 664.0413
Testing Time: 12.272814
Accuracy: 0.6233766233766234
Precision: 0.5384615384615384
Recall: 0.8484848484848485
