Training Time: 143.83127
Testing Time: 30.62439
Accuracy: 0.972972972972973
Precision: 0.9485294117647058
Recall: 0.9772727272727273
