Training Time: 1.4571854
Testing Time: 0.2998705
Accuracy: 0.9027027027027027
Precision: 0.8333333333333334
Recall: 0.9090909090909091
