Training Time: 1760.0322
Testing Time: 19.555937
Accuracy: 0.9756756756756757
Precision: 0.9555555555555556
Recall: 0.9772727272727273
