Training Time: 8037.5015
Testing Time: 22.417711
Accuracy: 0.9675675675675676
Precision: 0.9411764705882353
Recall: 0.9696969696969697
