Training Time: 148939.55
Testing Time: 4.9748297
Accuracy: 0.9702702702702702
Precision: 0.9416058394160584
Recall: 0.9772727272727273
