Training Time: 719.7855
Testing Time: 69.55771
Accuracy: 0.9702702702702702
Precision: 0.9481481481481482
Recall: 0.9696969696969697
