Training Time: 0.0330474
Testing Time: 0.0034944
Accuracy: 0.7
Precision: 0.7
Recall: 0.7
