Training Time: 0.046828
Testing Time: 0.118534
Accuracy: 0.55
Precision: 0.5454545454545454
Recall: 0.6
