Training Time: 19.855648
Testing Time: 0.0101706
Accuracy: 0.7
Precision: 0.8333333333333334
Recall: 0.5
