Training Time: 4214.807
Testing Time: 1.8049161
Accuracy: 0.65
Precision: 0.7142857142857143
Recall: 0.5
