Training Time: 0.1461779
Testing Time: 0.0075005
Accuracy: 0.55
Precision: 1.0
Recall: 0.1
