Training Time: 1.2504299
Testing Time: 0.0615132
Accuracy: 0.8247422680412371
Precision: 0.7971014492753623
Recall: 0.5978260869565217
