Training Time: 113.46763
Testing Time: 3.5852942
Accuracy: 0.8625429553264605
Precision: 0.9193548387096774
Recall: 0.6195652173913043
