Training Time: 28.722393
Testing Time: 2.0108218
Accuracy: 0.8487972508591065
Precision: 0.8243243243243243
Recall: 0.6630434782608695
