Training Time: 4072.4517
Testing Time: 123.39938
Accuracy: 0.8934707903780069
Precision: 0.9178082191780822
Recall: 0.7282608695652174
