Training Time: 390.90662
Testing Time: 0.1958487
Accuracy: 0.8487972508591065
Precision: 0.9137931034482759
Recall: 0.5760869565217391
