Training Time: 2.3414457
Testing Time: 0.0702558
Accuracy: 0.8797250859106529
Precision: 0.8904109589041096
Recall: 0.7065217391304348
