Training Time: 0.16103551
Testing Time: 0.0089089
Accuracy: 1.0
Precision: 1.0
Recall: 1.0
