Training Time: 4.7862525
Testing Time: 0.0472019
Accuracy: 1.0
Precision: 1.0
Recall: 1.0
