Training Time: 15.304412
Testing Time: 0.0997184
Accuracy: 1.0
Precision: 1.0
Recall: 1.0
