Training Time: 5461.2627
Testing Time: 3.4216053
Accuracy: 0.9642857142857143
Precision: 1.0
Recall: 0.9230769230769231
