Training Time: 0.324581
Testing Time: 0.0100175
Accuracy: 1.0
Precision: 1.0
Recall: 1.0
