Training Time: 2.147832
Testing Time: 0.115911104
Accuracy: 0.8
Precision: 1.0
Recall: 0.6
