Training Time: 0.0457312
Testing Time: 0.0238476
Accuracy: 0.75
Precision: 0.7777777777777778
Recall: 0.7
