Training Time: 61.234222
Testing Time: 0.124748304
Accuracy: 0.85
Precision: 0.8888888888888888
Recall: 0.8
