Training Time: 3.7860794
Testing Time: 0.1795472
Accuracy: 0.8
Precision: 1.0
Recall: 0.6
