Training Time: 0.0496562
Testing Time: 0.2307761
Accuracy: 0.8777777777777778
Precision: 0.9047619047619048
Recall: 0.8444444444444444
