Training Time: 1487.8906
Testing Time: 15.931383
Accuracy: 0.6888888888888889
Precision: 0.7575757575757576
Recall: 0.5555555555555556
