Training Time: 5859.846
Testing Time: 13.449654
Accuracy: 0.5666666666666667
Precision: 0.5967741935483871
Recall: 0.4111111111111111
