Training Time: 9.214857
Testing Time: 0.3573711
Accuracy: 0.7888888888888889
Precision: 0.8823529411764706
Recall: 0.6666666666666666
