Training Time: 1.8745127
Testing Time: 0.1180206
Accuracy: 0.5194805194805194
Precision: 0.3076923076923077
Recall: 0.27586206896551724
