Training Time: 0.6927774
Testing Time: 0.0461066
Accuracy: 0.5909090909090909
Precision: 0.6923076923076923
Recall: 0.3103448275862069
