Training Time: 27.039013
Testing Time: 0.6872128
Accuracy: 0.5454545454545454
Precision: 0.47058823529411764
Recall: 0.27586206896551724
