Training Time: 136.92451
Testing Time: 0.068595
Accuracy: 0.4935064935064935
Precision: 0.36363636363636365
Recall: 0.27586206896551724
