Training Time: 5.312511
Testing Time: 0.21849298
Accuracy: 0.5194805194805194
Precision: 0.3076923076923077
Recall: 0.27586206896551724
