Training Time: 4.625771
Testing Time: 1.1449218
Accuracy: 0.9166666666666666
Precision: 0.9090909090909091
Recall: 1.0
