Training Time: 0.11171
Testing Time: 0.0519318
Accuracy: 0.9
Precision: 0.7916666666666666
Recall: 0.95
