Training Time: 441.47552
Testing Time: 0.4725849
Accuracy: 0.9333333333333333
Precision: 0.8333333333333334
Recall: 1.0
