Training Time: 17129.807
Testing Time: 0.39831114
Accuracy: 0.9333333333333333
Precision: 0.8333333333333334
Recall: 1.0
