Training Time: 12.078497
Testing Time: 1.6569253
Accuracy: 0.9
Precision: 0.9090909090909091
Recall: 1.0
