Training Time: 2.4228914
Testing Time: 0.3787577
Accuracy: 0.9
Precision: 0.9090909090909091
Recall: 1.0
