Training Time: 2660.874
Testing Time: 4.039478
Accuracy: 0.7662337662337663
Precision: 0.7027027027027027
Recall: 0.7878787878787878
