Training Time: 26275.195
Testing Time: 45.545303
Accuracy: 0.7402597402597403
Precision: 0.6756756756756757
Recall: 0.7575757575757576
