Training Time: 478.4768
Testing Time: 12.434827
Accuracy: 0.6623376623376623
Precision: 0.5714285714285714
Recall: 0.8484848484848485
