Training Time: 0.27234462
Testing Time: 0.0156562
Accuracy: 0.6618705035971223
Precision: 0.7884615384615384
Recall: 0.6307692307692307
