Training Time: 0.7984382
Testing Time: 0.0451685
Accuracy: 0.6618705035971223
Precision: 0.7843137254901961
Recall: 0.6153846153846154
