Training Time: 70.160995
Testing Time: 1.8944739
Accuracy: 0.6493506493506493
Precision: 0.5535714285714286
Recall: 0.9393939393939394
