Training Time: 1043.4697
Testing Time: 2.4210446
Accuracy: 0.6363636363636364
Precision: 0.5555555555555556
Recall: 0.7575757575757576
