Training Time: 0.71086276
Testing Time: 0.0578592
Accuracy: 0.7101449275362319
Precision: 0.6605504587155964
Recall: 0.6260869565217392
