Training Time: 9.921173
Testing Time: 0.27980837
Accuracy: 0.6847826086956522
Precision: 0.7121212121212122
Recall: 0.40869565217391307
