Training Time: 1.0177037
Testing Time: 1.7793789
Accuracy: 0.9344444444444444
Precision: 0.7164179104477612
Recall: 0.2742857142857143
