Training Time: 569.1354
Testing Time: 4.2195215
Accuracy: 0.9311111111111111
Precision: 0.2857142857142857
Recall: 0.09090909090909091
