Training Time: 23.996775
Testing Time: 71.49378
Accuracy: 0.9357777777777778
Precision: 0.8461538461538461
Recall: 0.25142857142857145
