Training Time: 0.0429012
Testing Time: 0.0043599
Accuracy: 0.75
Precision: 0.6875
Recall: 0.8461538461538461
