Training Time: 1.5076478
Testing Time: 0.0292546
Accuracy: 0.7857142857142857
Precision: 0.7333333333333333
Recall: 0.8461538461538461
