Training Time: 6.419042
Testing Time: 0.006883
Accuracy: 0.5714285714285714
Precision: 0.5384615384615384
Recall: 0.5384615384615384
