Training Time: 5972.552
Testing Time: 0.0558949
Accuracy: 0.7142857142857143
Precision: 0.6666666666666666
Recall: 0.7692307692307693
