Training Time: 0.083871104
Testing Time: 0.0035024
Accuracy: 0.7857142857142857
Precision: 0.8181818181818182
Recall: 0.6923076923076923
