Training Time: 61609.652
Testing Time: 1.7701242
Accuracy: 0.78
Precision: 0.8017241379310345
Recall: 0.744
