Training Time: 170.525
Testing Time: 14.695079
Accuracy: 0.5584415584415584
Precision: 1.0
Recall: 0.5
