Training Time: 0.7174092
Testing Time: 0.1078092
Accuracy: 0.7272727272727273
Precision: 0.5
Recall: 0.625
