Training Time: 2602.8652
Testing Time: 2.9009945
Accuracy: 0.5584415584415584
Precision: 1.0
Recall: 0.5
