Training Time: 26924.9
Testing Time: 108.794785
Accuracy: 0.7402597402597403
Precision: 0.7142857142857143
Recall: 0.625
