Training Time: 538.53375
Testing Time: 7.346816
Accuracy: 0.5584415584415584
Precision: 1.0
Recall: 0.5
