Training Time: 0.6876251
Testing Time: 0.0572403
Accuracy: 0.697841726618705
Precision: 0.851063829787234
Recall: 0.6153846153846154
