Training Time: 251.87636
Testing Time: 1.9651473
Accuracy: 0.762589928057554
Precision: 0.8392857142857143
Recall: 0.7230769230769231
