Training Time: 1239.8907
Testing Time: 4.8812904
Accuracy: 0.7338129496402878
Precision: 0.8269230769230769
Recall: 0.6615384615384615
