Training Time: 15.656866
Testing Time: 1.7502373
Accuracy: 0.5584415584415584
Precision: 0.47619047619047616
Recall: 0.3448275862068966
