Training Time: 0.8236165
Testing Time: 0.0631479
Accuracy: 0.6298701298701299
Precision: 0.5625
Recall: 0.3103448275862069
