Training Time: 907.14264
Testing Time: 2.2039676
Accuracy: 0.5844155844155844
Precision: 0.5384615384615384
Recall: 0.2413793103448276
