Training Time: 38.364323
Testing Time: 3.6128142
Accuracy: 0.5324675324675324
Precision: 0.4583333333333333
Recall: 0.3793103448275862
