Training Time: 24.764826
Testing Time: 0.2559788
Accuracy: 0.59375
Precision: 0.5
Recall: 0.46153846153846156
