Training Time: 576.2676
Testing Time: 34.360397
Accuracy: 0.7482014388489209
Precision: 0.0
Recall: 0.0
