Training Time: 1.0980281
Testing Time: 0.1685901
Accuracy: 0.7482014388489209
Precision: 0.0
Recall: 0.0
