Training Time: 5289.429
Testing Time: 6.099845
Accuracy: 0.7482014388489209
Precision: 0.0
Recall: 0.0
