Training Time: 124827.62
Testing Time: 2.484546
Accuracy: 0.7482014388489209
Precision: 0.0
Recall: 0.0
