Training Time: 1711.052
Testing Time: 53.468037
Accuracy: 0.7482014388489209
Precision: 0.0
Recall: 0.0
