Training Time: 0.7427383
Testing Time: 0.0838476
Accuracy: 1.0
Precision: 1.0
Recall: 1.0
