Training Time: 0.0496472
Testing Time: 0.0260647
Accuracy: 0.85
Precision: 0.8181818181818182
Recall: 0.9
