Training Time: 22.08236
Testing Time: 0.0793068
Accuracy: 1.0
Precision: 1.0
Recall: 1.0
