Training Time: 3895.5908
Testing Time: 1.5502357
Accuracy: 0.8
Precision: 0.7142857142857143
Recall: 1.0
