Training Time: 1.3951994
Testing Time: 0.115452
Accuracy: 1.0
Precision: 1.0
Recall: 1.0
