Training Time: 0.8621849
Testing Time: 0.2169818
Accuracy: 0.8701298701298701
Precision: 0.8709677419354839
Recall: 0.8181818181818182
