Training Time: 2682.637
Testing Time: 5.963119
Accuracy: 0.7922077922077922
Precision: 0.7931034482758621
Recall: 0.696969696969697
