Training Time: 23220.002
Testing Time: 8.001608
Accuracy: 0.7012987012987013
Precision: 0.625
Recall: 0.7575757575757576
