Training Time: 3.2500184
Testing Time: 0.7674136
Accuracy: 0.9642857142857143
Precision: 0.9285714285714286
Recall: 1.0
