Training Time: 0.0466492
Testing Time: 0.027447
Accuracy: 0.9642857142857143
Precision: 0.9285714285714286
Recall: 1.0
