Training Time: 296.91925
Testing Time: 0.36424142
Accuracy: 1.0
Precision: 1.0
Recall: 1.0
