Training Time: 6.6774764
Testing Time: 0.59787124
Accuracy: 0.9642857142857143
Precision: 0.9285714285714286
Recall: 1.0
