Training Time: 1.2750717
Testing Time: 0.0658517
Accuracy: 0.5755395683453237
Precision: 0.7049180327868853
Recall: 0.6615384615384615
