Training Time: 0.7989909
Testing Time: 0.0302498
Accuracy: 0.6618705035971223
Precision: 0.7843137254901961
Recall: 0.6153846153846154
