Training Time: 21.090528
Testing Time: 0.3432049
Accuracy: 0.5899280575539568
Precision: 0.6052631578947368
Recall: 0.7076923076923077
