Training Time: 130244.34
Testing Time: 15.354046
Accuracy: 0.7266187050359713
Precision: 0.7868852459016393
Recall: 0.7384615384615385
