Training Time: 3.1193998
Testing Time: 0.1701013
Accuracy: 0.5755395683453237
Precision: 0.671875
Recall: 0.6615384615384615
