Training Time: 2.1579595
Testing Time: 0.0973308
Accuracy: 0.85
Precision: 1.0
Recall: 0.7
