Training Time: 0.0784804
Testing Time: 0.0436706
Accuracy: 0.7
Precision: 0.75
Recall: 0.6
