Training Time: 0.0587712
Testing Time: 0.0243171
Accuracy: 0.7466666666666667
Precision: 0.75
Recall: 0.7297297297297297
