Training Time: 29.107824
Testing Time: 0.4726381
Accuracy: 0.8733333333333333
Precision: 0.8873239436619719
Recall: 0.8513513513513513
