Training Time: 0.1541197
Testing Time: 0.0266755
Accuracy: 0.94
Precision: 0.8421052631578947
Recall: 0.8421052631578947
