Training Time: 4.1671777
Testing Time: 1.6429607
Accuracy: 0.9307692307692308
Precision: 0.8260869565217391
Recall: 0.7916666666666666
