Training Time: 0.0646865
Testing Time: 0.080286704
Accuracy: 0.7769230769230769
Precision: 0.4444444444444444
Recall: 0.8333333333333334
