Training Time: 123.403076
Testing Time: 1.0723768
Accuracy: 0.9307692307692308
Precision: 0.7777777777777778
Recall: 0.875
