Training Time: 8958.594
Testing Time: 1.1793641
Accuracy: 0.8461538461538461
Precision: 0.5555555555555556
Recall: 0.8333333333333334
