Training Time: 51.617996
Testing Time: 1.1616577
Accuracy: 0.8634146341463415
Precision: 0.93
Recall: 0.93
