Training Time: 173.14948
Testing Time: 0.9175452
Accuracy: 0.824390243902439
Precision: 0.8932038834951457
Recall: 0.92
