Training Time: 120353.4
Testing Time: 71.22231
Accuracy: 0.8292682926829268
Precision: 0.93
Recall: 0.93
