Training Time: 15.664044
Testing Time: 1.7353287
Accuracy: 0.551948051948052
Precision: 0.9545454545454546
Recall: 1.0
