Training Time: 1.1500373
Testing Time: 0.0687402
Accuracy: 0.512987012987013
Precision: 0.9545454545454546
Recall: 1.0
