Training Time: 135000.97
Testing Time: 25.370043
Accuracy: 0.551948051948052
Precision: 0.9545454545454546
Recall: 1.0
