Training Time: 48.122597
Testing Time: 4.448413
Accuracy: 0.5324675324675324
Precision: 0.9545454545454546
Recall: 1.0
