Training Time: 1.2130061
Testing Time: 0.0789808
Accuracy: 0.5584415584415584
Precision: 0.9545454545454546
Recall: 1.0
