Training Time: 172.79507
Testing Time: 2.5633886
Accuracy: 0.538961038961039
Precision: 0.9545454545454546
Recall: 1.0
