Training Time: 1076.4053
Testing Time: 4.190948
Accuracy: 0.525974025974026
Precision: 0.9545454545454546
Recall: 1.0
