Training Time: 8.724564
Testing Time: 1.095491
Accuracy: 0.5714285714285714
Precision: 1.0
Recall: 0.5
