Training Time: 165.6079
Testing Time: 2.8750954
Accuracy: 0.848780487804878
Precision: 0.9393939393939394
Recall: 0.93
