Training Time: 852.21606
Testing Time: 4.1936603
Accuracy: 0.8390243902439024
Precision: 0.9207920792079208
Recall: 0.93
