Training Time: 1.6166688
Testing Time: 0.6695652
Accuracy: 0.4292845257903494
Precision: 0.4292845257903494
Recall: 1.0
