Training Time: 4900.5522
Testing Time: 70.29729
Accuracy: 0.8419301164725458
Precision: 0.7335243553008596
Recall: 0.9922480620155039
