Training Time: 0.0950358
Testing Time: 0.1358464
Accuracy: 0.8219633943427621
Precision: 0.7542087542087542
Recall: 0.8682170542635659
