Training Time: 19.87354
Testing Time: 3.38828
Accuracy: 0.8634146341463415
Precision: 0.9393939393939394
Recall: 0.93
