Training Time: 258.17606
Testing Time: 3.4086142
Accuracy: 0.8390243902439024
Precision: 0.9207920792079208
Recall: 0.93
