Training Time: 1154.2275
Testing Time: 2.6035364
Accuracy: 0.8536585365853658
Precision: 0.9117647058823529
Recall: 0.93
