Training Time: 63.534878
Testing Time: 8.279736
Accuracy: 0.848780487804878
Precision: 0.93
Recall: 0.93
