Training Time: 15.006812
Testing Time: 2.5710254
Accuracy: 0.7609756097560976
Precision: 0.8780487804878049
Recall: 1.0
