Training Time: 199.06117
Testing Time: 3.1341648
Accuracy: 0.7951219512195122
Precision: 0.8780487804878049
Recall: 1.0
