Training Time: 113370.68
Testing Time: 38.315372
Accuracy: 0.7902439024390244
Precision: 0.8780487804878049
Recall: 1.0
