Training Time: 15.26492
Testing Time: 2.2145555
Accuracy: 0.775609756097561
Precision: 0.8780487804878049
Recall: 1.0
