Training Time: 0.8418546
Testing Time: 0.0835358
Accuracy: 0.7707317073170732
Precision: 0.8780487804878049
Recall: 1.0
