Training Time: 1087.8102
Testing Time: 5.4849668
Accuracy: 0.7707317073170732
Precision: 0.8780487804878049
Recall: 1.0
