Training Time: 54.99937
Testing Time: 4.516437
Accuracy: 0.7707317073170732
Precision: 0.8765432098765432
Recall: 0.9861111111111112
