Training Time: 0.4439573
Testing Time: 0.3406605
Accuracy: 0.4292845257903494
Precision: 0.4292845257903494
Recall: 1.0
