Training Time: 2.7270272
Testing Time: 0.0869184
Accuracy: 0.7670549084858569
Precision: 0.6577540106951871
Recall: 0.9534883720930233
