Training Time: 0.07122391
Testing Time: 0.12143671
Accuracy: 0.8153846153846154
Precision: 0.5
Recall: 0.8333333333333334
