Training Time: 3.1902633
Testing Time: 0.1663664
Accuracy: 0.9153846153846154
Precision: 0.7096774193548387
Recall: 0.9166666666666666
