Training Time: 18.598322
Testing Time: 0.7844565
Accuracy: 0.8769230769230769
Precision: 0.6333333333333333
Recall: 0.7916666666666666
