Training Time: 14.426616
Testing Time: 1.6478733
Accuracy: 0.7266187050359713
Precision: 0.8181818181818182
Recall: 0.6923076923076923
