Training Time: 173.00224
Testing Time: 1.9094801
Accuracy: 0.7266187050359713
Precision: 0.8235294117647058
Recall: 0.6461538461538462
