Training Time: 885.15125
Testing Time: 3.0362654
Accuracy: 0.7266187050359713
Precision: 0.8181818181818182
Recall: 0.6923076923076923
