Training Time: 39.46286
Testing Time: 2.6394904
Accuracy: 0.7122302158273381
Precision: 0.8181818181818182
Recall: 0.6923076923076923
