Training Time: 74.581276
Testing Time: 39.490704
Accuracy: 0.9415555555555556
Precision: 0.8888888888888888
Recall: 0.2742857142857143
