Training Time: 140323.58
Testing Time: 26.025198
Accuracy: 0.9417777777777778
Precision: 0.7796610169491526
Recall: 0.26285714285714284
