Training Time: 13.637739
Testing Time: 40.10348
Accuracy: 0.9353333333333333
Precision: 0.9302325581395349
Recall: 0.22857142857142856
