Training Time: 218.77222
Testing Time: 4.2971435
Accuracy: 0.6363636363636364
Precision: 0.5510204081632653
Recall: 0.8181818181818182
