Training Time: 0.6350331
Testing Time: 0.10489129
Accuracy: 0.6623376623376623
Precision: 0.6206896551724138
Recall: 0.5454545454545454
