Training Time: 4433.19
Testing Time: 3.9177127
Accuracy: 0.7272727272727273
Precision: 0.6764705882352942
Recall: 0.696969696969697
