Training Time: 544.68335
Testing Time: 13.898653
Accuracy: 0.6363636363636364
Precision: 0.5490196078431373
Recall: 0.8484848484848485
