Training Time: 4.153759
Testing Time: 0.932634
Accuracy: 1.0
Precision: 1.0
Recall: 1.0
