Training Time: 0.10730591
Testing Time: 0.0540168
Accuracy: 1.0
Precision: 1.0
Recall: 1.0
