Training Time: 114.58745
Testing Time: 0.2605461
Accuracy: 1.0
Precision: 1.0
Recall: 1.0
