Training Time: 342.08798
Testing Time: 0.2404162
Accuracy: 1.0
Precision: 1.0
Recall: 1.0
