Training Time: 3.4940946
Testing Time: 0.653602
Accuracy: 1.0
Precision: 1.0
Recall: 1.0
