Training Time: 2620.1533
Testing Time: 4.134684
Accuracy: 0.5584415584415584
Precision: 1.0
Recall: 0.5
