Training Time: 555.03955
Testing Time: 8.355541
Accuracy: 0.5584415584415584
Precision: 1.0
Recall: 0.5
