Training Time: 13.585238
Testing Time: 3.2339954
Accuracy: 0.9
Precision: 0.8695652173913043
Recall: 1.0
