Training Time: 0.1160324
Testing Time: 0.0505883
Accuracy: 0.8833333333333333
Precision: 0.7407407407407407
Recall: 1.0
