Training Time: 322.66562
Testing Time: 0.8998786
Accuracy: 0.8833333333333333
Precision: 0.8333333333333334
Recall: 1.0
