Training Time: 184.90848
Testing Time: 2.5970237
Accuracy: 0.551948051948052
Precision: 0.9545454545454546
Recall: 1.0
