Training Time: 182498.5
Testing Time: 0.8394994
Accuracy: 0.6872852233676976
Precision: 0.6931818181818182
Recall: 0.488
