Training Time: 6.3559103
Testing Time: 0.4844473
Accuracy: 0.7414634146341463
Precision: 0.8780487804878049
Recall: 1.0
