Training Time: 85.122086
Testing Time: 1.7533828
Accuracy: 0.7463414634146341
Precision: 0.8780487804878049
Recall: 1.0
