Training Time: 0.0333969
Testing Time: 0.2249541
Accuracy: 0.8562091503267973
Precision: 0.9550561797752809
Recall: 0.9770114942528736
