Training Time: 8.408492
Testing Time: 1.036233
Accuracy: 0.5844155844155844
Precision: 0.42105263157894735
Recall: 0.27586206896551724
