Training Time: 0.73588496
Testing Time: 0.0514068
Accuracy: 0.5909090909090909
Precision: 0.5294117647058824
Recall: 0.3103448275862069
