Training Time: 108.42289
Testing Time: 1.9349269
Accuracy: 0.577922077922078
Precision: 0.4375
Recall: 0.2413793103448276
