Training Time: 568.6098
Testing Time: 2.5148668
Accuracy: 0.5324675324675324
Precision: 0.3684210526315789
Recall: 0.2413793103448276
