Training Time: 0.79196554
Testing Time: 0.0400695
Accuracy: 0.7777777777777778
Precision: 0.9032258064516129
Recall: 0.6222222222222222
