Training Time: 0.0360495
Testing Time: 0.1151946
Accuracy: 0.7833333333333333
Precision: 0.7575757575757576
Recall: 0.8333333333333334
