Training Time: 20.811989
Testing Time: 0.70030046
Accuracy: 0.8777777777777778
Precision: 0.8777777777777778
Recall: 0.8777777777777778
