Training Time: 195.80826
Testing Time: 0.7509157
Accuracy: 0.5888888888888889
Precision: 0.5851063829787234
Recall: 0.6111111111111112
