Training Time: 390.90866
Testing Time: 12.809218
Accuracy: 0.7142857142857143
Precision: 0.6037735849056604
Recall: 0.9696969696969697
