Training Time: 0.70395625
Testing Time: 0.1473517
Accuracy: 0.8311688311688312
Precision: 0.8571428571428571
Recall: 0.7272727272727273
