Training Time: 5507.6016
Testing Time: 7.334543
Accuracy: 0.8181818181818182
Precision: 0.7435897435897436
Recall: 0.8787878787878788
