Training Time: 0.0383648
Testing Time: 0.123670496
Accuracy: 0.9313725490196079
Precision: 1.0
Recall: 1.0
