Training Time: 0.13755271
Testing Time: 0.0387404
Accuracy: 1.0
Precision: 1.0
Recall: 1.0
