Training Time: 174.64754
Testing Time: 0.086306
Accuracy: 1.0
Precision: 1.0
Recall: 1.0
