Training Time: 5.7104716
Testing Time: 0.6619404
Accuracy: 1.0
Precision: 1.0
Recall: 1.0
