Training Time: 13.672748
Testing Time: 3.1040182
Accuracy: 0.9648648648648649
Precision: 0.9343065693430657
Recall: 0.9696969696969697
