Training Time: 207.76495
Testing Time: 7.178179
Accuracy: 0.9675675675675676
Precision: 0.9347826086956522
Recall: 0.9772727272727273
