Training Time: 0.14478259
Testing Time: 0.020331
Accuracy: 0.9523809523809523
Precision: 1.0
Recall: 0.9
