Training Time: 10.841542
Testing Time: 0.21518
Accuracy: 0.9809523809523809
Precision: 1.0
Recall: 1.0
