Training Time: 54.040607
Testing Time: 0.55812013
Accuracy: 0.9904761904761905
Precision: 1.0
Recall: 1.0
