Training Time: 1.1936846
Testing Time: 0.1915216
Accuracy: 0.9904761904761905
Precision: 1.0
Recall: 1.0
