Training Time: 0.2256621
Testing Time: 0.0947952
Accuracy: 0.9866666666666667
Precision: 0.9864864864864865
Recall: 0.9864864864864865
