Training Time: 0.0583748
Testing Time: 0.0347242
Accuracy: 0.9533333333333334
Precision: 0.9466666666666667
Recall: 0.9594594594594594
