Training Time: 5.115597
Testing Time: 0.29492462
Accuracy: 0.9933333333333333
Precision: 1.0
Recall: 0.9864864864864865
