Training Time: 0.44640613
Testing Time: 0.1473092
Accuracy: 0.9933333333333333
Precision: 1.0
Recall: 0.9864864864864865
