Training Time: 2199.5095
Testing Time: 9.663628
Accuracy: 0.865979381443299
Precision: 0.9344262295081968
Recall: 0.6195652173913043
