Training Time: 8025.885
Testing Time: 2.6983345
Accuracy: 0.9333333333333333
Precision: 0.9166666666666666
Recall: 0.9166666666666666
