Training Time: 10.759381
Testing Time: 0.55518734
Accuracy: 0.48333333333333334
Precision: 0.49019607843137253
Recall: 0.8333333333333334
