Training Time: 4244.6406
Testing Time: 20.024971
Accuracy: 0.5111111111111111
Precision: 0.5102040816326531
Recall: 0.5555555555555556
