Training Time: 0.0528534
Testing Time: 0.0289694
Accuracy: 0.75
Precision: 0.7777777777777778
Recall: 0.7
