Training Time: 127.435776
Testing Time: 0.1754724
Accuracy: 0.8
Precision: 1.0
Recall: 0.6
