Training Time: 678.2927
Testing Time: 0.8037337
Accuracy: 0.65
Precision: 0.7142857142857143
Recall: 0.5
