Training Time: 0.3405825
Testing Time: 0.0217611
Accuracy: 0.6474820143884892
Precision: 0.8076923076923077
Recall: 0.6461538461538462
