Training Time: 29.279964
Testing Time: 0.122092895
Accuracy: 0.6618705035971223
Precision: 0.8076923076923077
Recall: 0.6461538461538462
