Training Time: 38.711506
Testing Time: 2.608254
Accuracy: 0.7482014388489209
Precision: 0.0
Recall: 0.0
