Training Time: 430.401
Testing Time: 1.9930973
Accuracy: 0.7482014388489209
Precision: 0.0
Recall: 0.0
