Training Time: 3889.1396
Testing Time: 8.667547
Accuracy: 0.7482014388489209
Precision: 0.0
Recall: 0.0
