Training Time: 94924.64
Testing Time: 0.70547
Accuracy: 0.7482014388489209
Precision: 0.0
Recall: 0.0
