Training Time: 96.339226
Testing Time: 6.751096
Accuracy: 0.7482014388489209
Precision: 0.0
Recall: 0.0
