Training Time: 0.08561929
Testing Time: 0.0468562
Accuracy: 0.7333333333333333
Precision: 0.7333333333333333
Recall: 0.9166666666666666
