Training Time: 0.0740851
Testing Time: 0.0647343
Accuracy: 0.9333333333333333
Precision: 0.9102564102564102
Recall: 0.9594594594594594
