Training Time: 37.202114
Testing Time: 0.7085934
Accuracy: 0.9866666666666667
Precision: 1.0
Recall: 0.972972972972973
