Training Time: 13194.357
Testing Time: 1.0190152
Accuracy: 0.9733333333333334
Precision: 0.9605263157894737
Recall: 0.9864864864864865
