Training Time: 3.5345275
Testing Time: 2.0711513
Accuracy: 0.9933333333333333
Precision: 1.0
Recall: 0.9864864864864865
