Training Time: 2.0515285
Testing Time: 0.2657427
Accuracy: 0.95
Precision: 1.0
Recall: 0.9
