Training Time: 0.0585621
Testing Time: 0.0353345
Accuracy: 0.9
Precision: 0.8333333333333334
Recall: 1.0
