Training Time: 60.283157
Testing Time: 0.14584461
Accuracy: 1.0
Precision: 1.0
Recall: 1.0
