Training Time: 281.93594
Testing Time: 0.1970744
Accuracy: 0.9
Precision: 0.8333333333333334
Recall: 1.0
