Training Time: 4227.72
Testing Time: 4.468148
Accuracy: 0.8
Precision: 0.7142857142857143
Recall: 1.0
