Training Time: 3.8651557
Testing Time: 0.38310772
Accuracy: 0.95
Precision: 1.0
Recall: 0.9
