Training Time: 195218.75
Testing Time: 36.207886
Accuracy: 0.7753623188405797
Precision: 0.7849462365591398
Recall: 0.6347826086956522
