Training Time: 0.0749157
Testing Time: 0.0609475
Accuracy: 0.9333333333333333
Precision: 0.9102564102564102
Recall: 0.9594594594594594
