Training Time: 3.4984293
Testing Time: 1.9316199
Accuracy: 0.9933333333333333
Precision: 1.0
Recall: 0.9864864864864865
