Training Time: 1.0926626
Testing Time: 0.0574231
Accuracy: 0.564935064935065
Precision: 0.9545454545454546
Recall: 1.0
