Training Time: 84.4215
Testing Time: 1.5770825
Accuracy: 0.5454545454545454
Precision: 0.9545454545454546
Recall: 1.0
