Training Time: 598.14246
Testing Time: 1.2199972
Accuracy: 0.5324675324675324
Precision: 0.9545454545454546
Recall: 1.0
