Training Time: 14.920082
Testing Time: 0.990982
Accuracy: 0.5064935064935064
Precision: 0.9534883720930233
Recall: 0.9761904761904762
