Training Time: 23.411087
Testing Time: 3.5054255
Accuracy: 0.8350515463917526
Precision: 0.8793103448275862
Recall: 0.5543478260869565
