Training Time: 77.441
Testing Time: 9.307135
Accuracy: 0.8419243986254296
Precision: 0.8833333333333333
Recall: 0.5760869565217391
