Training Time: 4.8747697
Testing Time: 0.1561956
Accuracy: 0.5844155844155844
Precision: 0.5087719298245614
Recall: 0.8787878787878788
