Training Time: 0.4271386
Testing Time: 0.0294682
Accuracy: 0.6623376623376623
Precision: 0.6129032258064516
Recall: 0.5757575757575758
