Training Time: 99.33367
Testing Time: 0.5131464
Accuracy: 0.7142857142857143
Precision: 0.6571428571428571
Recall: 0.696969696969697
