Training Time: 639.73267
Testing Time: 1.2833767
Accuracy: 0.5714285714285714
Precision: 0.5
Recall: 0.5454545454545454
