Training Time: 3901.7925
Testing Time: 92.441315
Accuracy: 0.8439024390243902
Precision: 0.93
Recall: 0.93
