Training Time: 363.73904
Testing Time: 0.19338685
Accuracy: 0.8439024390243902
Precision: 0.93
Recall: 0.93
