Training Time: 1.3952569
Testing Time: 0.0500605
Accuracy: 0.85
Precision: 0.8888888888888888
Recall: 0.8
