Training Time: 0.075825505
Testing Time: 0.0461881
Accuracy: 0.65
Precision: 0.7142857142857143
Recall: 0.5
