Training Time: 2.6174579
Testing Time: 0.1253589
Accuracy: 0.85
Precision: 1.0
Recall: 0.7
