Training Time: 182.44861
Testing Time: 0.91402936
Accuracy: 0.85
Precision: 1.0
Recall: 0.7
