Training Time: 15.676542
Testing Time: 0.0410307
Accuracy: 0.75
Precision: 1.0
Recall: 0.5
