Training Time: 0.7170756
Testing Time: 0.0504107
Accuracy: 0.6834532374100719
Precision: 0.8076923076923077
Recall: 0.6461538461538462
