Training Time: 111.10969
Testing Time: 1.6805029
Accuracy: 0.7410071942446043
Precision: 0.8269230769230769
Recall: 0.6615384615384615
