Training Time: 577.2395
Testing Time: 1.0852423
Accuracy: 0.7482014388489209
Precision: 0.8490566037735849
Recall: 0.6923076923076923
