Training Time: 156.56749
Testing Time: 272.20767
Accuracy: 0.9920506164828033
Precision: 0.9842767295597484
Recall: 0.9413533834586466
