Training Time: 1.6475453
Testing Time: 3.0659897
Accuracy: 0.9902660609993511
Precision: 0.9704510108864697
Recall: 0.9383458646616541
