Training Time: 1300.0176
Testing Time: 147.36757
Accuracy: 0.9917261518494485
Precision: 0.9752321981424149
Recall: 0.9473684210526315
