Training Time: 4.470337
Testing Time: 1.1093651
Accuracy: 0.9
Precision: 0.9090909090909091
Recall: 1.0
