Training Time: 93.95586
Testing Time: 0.5047997
Accuracy: 0.8833333333333333
Precision: 0.8695652173913043
Recall: 1.0
