Training Time: 427.74823
Testing Time: 2.5538557
Accuracy: 0.9333333333333333
Precision: 0.8333333333333334
Recall: 1.0
