Training Time: 17257.463
Testing Time: 0.33101308
Accuracy: 0.9333333333333333
Precision: 0.8333333333333334
Recall: 1.0
