Training Time: 434.60413
Testing Time: 11.190884
Accuracy: 0.9333333333333333
Precision: 0.9090909090909091
Recall: 1.0
