Training Time: 30.157627
Testing Time: 0.0803146
Accuracy: 0.9333333333333333
Precision: 0.8333333333333334
Recall: 1.0
