Training Time: 9.658472
Testing Time: 1.5396751
Accuracy: 0.8213058419243986
Precision: 0.7857142857142857
Recall: 0.5978260869565217
