Training Time: 1.2841344
Testing Time: 0.0634773
Accuracy: 0.8178694158075601
Precision: 0.8095238095238095
Recall: 0.5543478260869565
