Training Time: 127.35565
Testing Time: 3.1652825
Accuracy: 0.8316151202749141
Precision: 0.9777777777777777
Recall: 0.4782608695652174
