Training Time: 453.74844
Testing Time: 0.2599012
Accuracy: 0.7903780068728522
Precision: 0.7123287671232876
Recall: 0.5652173913043478
