Training Time: 181993.06
Testing Time: 2.7398508
Accuracy: 0.8281786941580757
Precision: 0.85
Recall: 0.5543478260869565
