Training Time: 28.089134
Testing Time: 3.9452617
Accuracy: 0.8144329896907216
Precision: 0.8392857142857143
Recall: 0.5108695652173914
