Training Time: 35.36176
Testing Time: 1.8330315
Accuracy: 0.6363636363636364
Precision: 0.5490196078431373
Recall: 0.8484848484848485
