Training Time: 0.92264056
Testing Time: 0.2198764
Accuracy: 0.8311688311688312
Precision: 0.8571428571428571
Recall: 0.7272727272727273
