Training Time: 96.07022
Testing Time: 2.9495199
Accuracy: 0.6493506493506493
Precision: 0.5625
Recall: 0.8181818181818182
