Training Time: 7.8599925
Testing Time: 0.699073
Accuracy: 0.8666666666666667
Precision: 0.9166666666666666
Recall: 0.9166666666666666
