Training Time: 0.07926591
Testing Time: 0.0317837
Accuracy: 0.7
Precision: 0.8461538461538461
Recall: 0.9166666666666666
