Training Time: 234.1148
Testing Time: 0.36027092
Accuracy: 0.8666666666666667
Precision: 0.9166666666666666
Recall: 0.9166666666666666
