Training Time: 1183.3458
Testing Time: 1.2828982
Accuracy: 0.9333333333333333
Precision: 1.0
Recall: 0.9166666666666666
