Training Time: 17.523767
Testing Time: 0.96226543
Accuracy: 0.8666666666666667
Precision: 0.9166666666666666
Recall: 0.9166666666666666
