Training Time: 22.46504
Testing Time: 47.325424
Accuracy: 0.9793964957819598
Precision: 0.9944852941176471
Recall: 0.8135338345864662
