Training Time: 1.2144109
Testing Time: 0.68009037
Accuracy: 0.9948085658663206
Precision: 0.9968602825745683
Recall: 0.9548872180451128
