Training Time: 250.48112
Testing Time: 1.211895
Accuracy: 0.88
Precision: 0.7142857142857143
Recall: 0.7894736842105263
