Training Time: 27.749662
Testing Time: 0.1129079
Accuracy: 1.0
Precision: 1.0
Recall: 1.0
