Training Time: 83.53624
Testing Time: 0.10559449
Accuracy: 0.9285714285714286
Precision: 1.0
Recall: 0.8461538461538461
