Training Time: 5235.0386
Testing Time: 0.131251
Accuracy: 0.9642857142857143
Precision: 0.9285714285714286
Recall: 1.0
