Training Time: 2.162423
Testing Time: 0.349583
Accuracy: 1.0
Precision: 1.0
Recall: 1.0
