Training Time: 4.1821876
Testing Time: 1.2013048
Accuracy: 0.7592592592592593
Precision: 0.8181818181818182
Recall: 0.6666666666666666
