Training Time: 0.108733
Testing Time: 0.0471981
Accuracy: 0.46296296296296297
Precision: 0.4666666666666667
Recall: 0.5185185185185185
