Training Time: 920.4076
Testing Time: 0.4251005
Accuracy: 0.48148148148148145
Precision: 0.47619047619047616
Recall: 0.37037037037037035
