Training Time: 0.18987009
Testing Time: 0.0307676
Accuracy: 0.9523809523809523
Precision: 1.0
Recall: 1.0
