Training Time: 0.074089505
Testing Time: 0.0708006
Accuracy: 0.94
Precision: 0.9012345679012346
Recall: 0.9864864864864865
