Training Time: 174.87227
Testing Time: 2.9231853
Accuracy: 0.9933333333333333
Precision: 0.9866666666666667
Recall: 1.0
