Training Time: 13158.205
Testing Time: 0.7334542
Accuracy: 0.9933333333333333
Precision: 0.9866666666666667
Recall: 1.0
