Training Time: 0.0858954
Testing Time: 0.0610377
Accuracy: 0.6572379367720466
Precision: 0.5565217391304348
Recall: 0.9922480620155039
