Training Time: 2.7105196
Testing Time: 0.87952197
Accuracy: 0.4509151414309484
Precision: 0.4387755102040816
Recall: 1.0
