Training Time: 15.329613
Testing Time: 0.1976404
Accuracy: 0.8169717138103162
Precision: 0.7269938650306749
Recall: 0.9186046511627907
