Training Time: 780.1936
Testing Time: 47.49195
Accuracy: 0.7463414634146341
Precision: 0.8780487804878049
Recall: 1.0
