Training Time: 232.41516
Testing Time: 0.1039461
Accuracy: 0.7804878048780488
Precision: 0.8780487804878049
Recall: 1.0
