Training Time: 3.842855
Testing Time: 0.053301
Accuracy: 0.7121951219512195
Precision: 0.8780487804878049
Recall: 1.0
