Training Time: 60.271214
Testing Time: 1.4412144
Accuracy: 1.0
Precision: 1.0
Recall: 1.0
