Training Time: 279.18518
Testing Time: 0.59861726
Accuracy: 0.9666666666666667
Precision: 0.9726027397260274
Recall: 0.9594594594594594
