Training Time: 428.0772
Testing Time: 26.274872
Accuracy: 0.9933333333333333
Precision: 0.9866666666666667
Recall: 1.0
