Training Time: 0.7034852
Testing Time: 0.041285
Accuracy: 0.5398550724637681
Precision: 0.4387755102040816
Recall: 0.3739130434782609
