Training Time: 1.4022913
Testing Time: 0.040166
Accuracy: 0.6594202898550725
Precision: 0.6039603960396039
Recall: 0.5304347826086957
