Training Time: 60.228703
Testing Time: 0.14472781
Accuracy: 0.6630434782608695
Precision: 0.6170212765957447
Recall: 0.5043478260869565
