Training Time: 0.1196435
Testing Time: 0.1395238
Accuracy: 0.632279534109817
Precision: 0.5386221294363257
Recall: 1.0
