Training Time: 0.0223057
Testing Time: 0.1561561
Accuracy: 0.7820299500831946
Precision: 0.6666666666666666
Recall: 0.9844961240310077
