Training Time: 3.6136808
Testing Time: 0.9720195
Accuracy: 0.46089850249584025
Precision: 0.44329896907216493
Recall: 1.0
