Training Time: 21.443485
Testing Time: 0.6080308
Accuracy: 0.7986688851913477
Precision: 0.6816976127320955
Recall: 0.9961240310077519
