Training Time: 0.24379471
Testing Time: 0.16533169
Accuracy: 0.6871880199667221
Precision: 0.5788288288288288
Recall: 0.9961240310077519
