Training Time: 0.0242884
Testing Time: 0.1346597
Accuracy: 0.9001663893510815
Precision: 0.8132911392405063
Recall: 0.9961240310077519
