Training Time: 20.54196
Testing Time: 0.68011624
Accuracy: 0.8535773710482529
Precision: 0.7514792899408284
Recall: 0.9844961240310077
