Training Time: 0.23812151
Testing Time: 0.22507471
Accuracy: 0.7470881863560732
Precision: 0.6365979381443299
Recall: 0.9573643410852714
