Training Time: 0.3640351
Testing Time: 0.065541
Accuracy: 0.9230769230769231
Precision: 0.8181818181818182
Recall: 0.75
