Training Time: 58.67637
Testing Time: 2.5617824
Accuracy: 0.8923076923076924
Precision: 0.65625
Recall: 0.875
