Training Time: 0.7408853
Testing Time: 0.1185384
Accuracy: 0.9384615384615385
Precision: 0.8636363636363636
Recall: 0.7916666666666666
