Training Time: 0.0498536
Testing Time: 0.0433814
Accuracy: 0.6056572379367721
Precision: 0.5216494845360825
Recall: 0.9806201550387597
