Training Time: 0.0340237
Testing Time: 0.0691314
Accuracy: 0.6306156405990017
Precision: 0.5405405405405406
Recall: 0.9302325581395349
