Training Time: 0.0792057
Testing Time: 0.0796487
Accuracy: 0.6688851913477537
Precision: 0.5675057208237986
Recall: 0.9612403100775194
