Training Time: 71.3721
Testing Time: 1.2732251
Accuracy: 0.577922077922078
Precision: 0.47368421052631576
Recall: 0.3103448275862069
