Training Time: 14.727188
Testing Time: 1.3969783
Accuracy: 0.5324675324675324
Precision: 0.3793103448275862
Recall: 0.3793103448275862
