Training Time: 0.0400947
Testing Time: 0.3113601
Accuracy: 0.9248366013071896
Precision: 0.8936170212765957
Recall: 0.9655172413793104
