Training Time: 0.3155913
Testing Time: 0.02127
Accuracy: 0.461038961038961
Precision: 0.8222222222222222
Recall: 0.8809523809523809
