Training Time: 35.13513
Testing Time: 0.0674599
Accuracy: 0.551948051948052
Precision: 0.9545454545454546
Recall: 1.0
