Training Time: 40.453846
Testing Time: 3.5463946
Accuracy: 0.7355072463768116
Precision: 0.7916666666666666
Recall: 0.4956521739130435
