Training Time: 1.2903088
Testing Time: 0.114217505
Accuracy: 0.7753623188405797
Precision: 0.797752808988764
Recall: 0.6173913043478261
