Training Time: 432.34146
Testing Time: 5.2214255
Accuracy: 0.7463768115942029
Precision: 0.8260869565217391
Recall: 0.4956521739130435
