Training Time: 112.115845
Testing Time: 9.729748
Accuracy: 0.7318840579710145
Precision: 0.8059701492537313
Recall: 0.46956521739130436
