Training Time: 0.076799296
Testing Time: 0.1452216
Accuracy: 0.7769230769230769
Precision: 0.43243243243243246
Recall: 0.6666666666666666
