Training Time: 4.269476
Testing Time: 0.7591533
Accuracy: 0.9692307692307692
Precision: 0.9166666666666666
Recall: 0.9166666666666666
