Training Time: 1.252665
Testing Time: 0.09367649
Accuracy: 0.7391304347826086
Precision: 0.7128712871287128
Recall: 0.6260869565217392
