Training Time: 53.56714
Testing Time: 7.0234194
Accuracy: 0.7210144927536232
Precision: 0.7878787878787878
Recall: 0.45217391304347826
