Training Time: 1.1894978
Testing Time: 0.06795649
Accuracy: 0.9108108108108108
Precision: 0.8367346938775511
Recall: 0.9318181818181818
