Training Time: 199.88782
Testing Time: 6.8114996
Accuracy: 0.918918918918919
Precision: 0.8493150684931506
Recall: 0.9393939393939394
