Training Time: 22.25104
Testing Time: 59.174324
Accuracy: 0.9331111111111111
Precision: 0.7121212121212122
Recall: 0.26857142857142857
