Training Time: 0.8919775
Testing Time: 0.98624307
Accuracy: 0.9335555555555556
Precision: 0.75
Recall: 0.2057142857142857
