Training Time: 226.9714
Testing Time: 67.262955
Accuracy: 0.9353333333333333
Precision: 0.704225352112676
Recall: 0.2857142857142857
