Training Time: 889.9523
Testing Time: 66.43259
Accuracy: 0.9373333333333334
Precision: 0.5714285714285714
Recall: 0.18181818181818182
