Training Time: 163914.88
Testing Time: 38.340717
Accuracy: 0.9377777777777778
Precision: 0.7619047619047619
Recall: 0.2742857142857143
