Training Time: 54.068832
Testing Time: 141.12129
Accuracy: 0.9346666666666666
Precision: 0.7101449275362319
Recall: 0.28
