Training Time: 228.51576
Testing Time: 1.4967468
Accuracy: 0.9437777777777778
Precision: 0.5
Recall: 0.09090909090909091
