Training Time: 388.7598
Testing Time: 10.56821
Accuracy: 0.656
Precision: 0.6585365853658537
Recall: 0.648
