Training Time: 60.13614
Testing Time: 0.1928063
Accuracy: 1.0
Precision: 1.0
Recall: 1.0
