Training Time: 185.58469
Testing Time: 0.087797694
Accuracy: 1.0
Precision: 1.0
Recall: 1.0
