Training Time: 4.5903807
Testing Time: 0.556041
Accuracy: 1.0
Precision: 1.0
Recall: 1.0
