Training Time: 19.007631
Testing Time: 2.3478458
Accuracy: 0.7282608695652174
Precision: 0.7702702702702703
Recall: 0.4956521739130435
