Training Time: 1.3111632
Testing Time: 0.1001968
Accuracy: 0.7971014492753623
Precision: 0.8172043010752689
Recall: 0.6608695652173913
