Training Time: 218.45364
Testing Time: 4.54662
Accuracy: 0.7282608695652174
Precision: 0.803030303030303
Recall: 0.4608695652173913
