Training Time: 140090.02
Testing Time: 20.827559
Accuracy: 0.7862318840579711
Precision: 0.7916666666666666
Recall: 0.6608695652173913
