Training Time: 52.91888
Testing Time: 4.5400815
Accuracy: 0.7318840579710145
Precision: 0.7733333333333333
Recall: 0.5043478260869565
