Training Time: 1.1773405
Testing Time: 0.0635722
Accuracy: 0.5
Precision: 0.5
Recall: 0.2
