Training Time: 86.15377
Testing Time: 0.0441436
Accuracy: 0.85
Precision: 0.8888888888888888
Recall: 0.8
