Training Time: 3897.892
Testing Time: 2.053833
Accuracy: 0.55
Precision: 0.5555555555555556
Recall: 0.5
