Training Time: 1.2079082
Testing Time: 0.0291677
Accuracy: 0.55
Precision: 0.6
Recall: 0.3
