Training Time: 17.717045
Testing Time: 0.2528394
Accuracy: 0.5539568345323741
Precision: 0.5242718446601942
Recall: 0.8307692307692308
