Training Time: 2.4031634
Testing Time: 0.100188896
Accuracy: 0.6618705035971223
Precision: 0.7924528301886793
Recall: 0.6461538461538462
