Training Time: 11.295056
Testing Time: 0.0586401
Accuracy: 0.9
Precision: 0.8333333333333334
Recall: 1.0
