Training Time: 4078.4277
Testing Time: 0.0771398
Accuracy: 0.7
Precision: 0.8333333333333334
Recall: 0.5
