Training Time: 0.7238289
Testing Time: 0.0339928
Accuracy: 1.0
Precision: 1.0
Recall: 1.0
