Training Time: 393.78275
Testing Time: 12.826646
Accuracy: 0.7142857142857143
Precision: 0.6037735849056604
Recall: 0.9696969696969697
