Training Time: 0.7008861
Testing Time: 0.1404768
Accuracy: 0.8311688311688312
Precision: 0.8571428571428571
Recall: 0.7272727272727273
