Training Time: 383.9419
Testing Time: 7.0211844
Accuracy: 0.6769759450171822
Precision: 0.7540983606557377
Recall: 0.368
