Training Time: 1.9612334
Testing Time: 0.1642715
Accuracy: 0.75
Precision: 1.0
Recall: 0.5
