Training Time: 294.35007
Testing Time: 0.3594456
Accuracy: 0.5
Precision: 0.5
Recall: 0.5
