Training Time: 3.5214963
Testing Time: 0.2056468
Accuracy: 0.75
Precision: 1.0
Recall: 0.5
