Training Time: 0.0070746
Testing Time: 0.0042785
Accuracy: 0.46921797004991683
Precision: 0.44563279857397503
Recall: 0.9689922480620154
