Training Time: 0.0230019
Testing Time: 0.0596622
Accuracy: 0.6006655574043261
Precision: 0.5182186234817814
Recall: 0.9922480620155039
