Training Time: 1.3689466
Testing Time: 0.0204504
Accuracy: 0.7487520798668885
Precision: 0.6465753424657534
Recall: 0.9147286821705426
