Training Time: 4057.1992
Testing Time: 55.695705
Accuracy: 0.6921797004991681
Precision: 0.5905707196029777
Recall: 0.9224806201550387
