Training Time: 0.0110836
Testing Time: 0.0046818
Accuracy: 0.7021630615640599
Precision: 0.7762237762237763
Recall: 0.43023255813953487
