Training Time: 0.0395158
Testing Time: 0.1013677
Accuracy: 0.7333333333333333
Precision: 0.6944444444444444
Recall: 0.8333333333333334
