Training Time: 7.04465
Testing Time: 0.4324914
Accuracy: 0.5833333333333334
Precision: 0.5974025974025974
Recall: 0.5111111111111111
