Training Time: 0.8645161
Testing Time: 0.1684781
Accuracy: 0.9230769230769231
Precision: 0.8181818181818182
Recall: 0.75
