Training Time: 19.711666
Testing Time: 0.47089618
Accuracy: 0.9692307692307692
Precision: 0.8846153846153846
Recall: 0.9583333333333334
