Training Time: 1.5548251
Testing Time: 0.4133805
Accuracy: 0.9153846153846154
Precision: 0.8095238095238095
Recall: 0.7083333333333334
