Training Time: 4.326041
Testing Time: 1.2389091
Accuracy: 0.8333333333333334
Precision: 0.95
Recall: 0.7037037037037037
