Training Time: 122.603905
Testing Time: 0.52631503
Accuracy: 0.7592592592592593
Precision: 0.75
Recall: 0.7777777777777778
