Training Time: 924.1744
Testing Time: 0.7482051
Accuracy: 0.46296296296296297
Precision: 0.46153846153846156
Recall: 0.4444444444444444
