Training Time: 14.763885
Testing Time: 1.5373757
Accuracy: 0.7407407407407407
Precision: 0.8421052631578947
Recall: 0.5925925925925926
