Training Time: 0.4204544
Testing Time: 0.0548709
Accuracy: 0.48148148148148145
Precision: 0.42857142857142855
Recall: 0.1111111111111111
