Training Time: 0.0750853
Testing Time: 0.0111209
Accuracy: 0.5185185185185185
Precision: 0.5384615384615384
Recall: 0.25925925925925924
