Training Time: 89.757774
Testing Time: 0.0403798
Accuracy: 0.48148148148148145
Precision: 0.47619047619047616
Recall: 0.37037037037037035
