Training Time: 1.2018245
Testing Time: 0.082279295
Accuracy: 0.48148148148148145
Precision: 0.42857142857142855
Recall: 0.1111111111111111
