Training Time: 18.928816
Testing Time: 4.276812
Accuracy: 0.9
Precision: 0.9090909090909091
Recall: 1.0
