Training Time: 0.1509781
Testing Time: 0.0862632
Accuracy: 0.85
Precision: 0.7407407407407407
Recall: 1.0
