Training Time: 459.5716
Testing Time: 1.0390902
Accuracy: 0.8833333333333333
Precision: 0.8
Recall: 1.0
