Training Time: 49.86214
Testing Time: 2.47909
Accuracy: 0.9166666666666666
Precision: 0.9090909090909091
Recall: 1.0
