Training Time: 232.9519
Testing Time: 44.91495
Accuracy: 0.972972972972973
Precision: 0.9552238805970149
Recall: 0.9696969696969697
