Training Time: 1.4891815
Testing Time: 0.28551832
Accuracy: 0.9135135135135135
Precision: 0.8472222222222222
Recall: 0.9242424242424242
