Training Time: 2632.88
Testing Time: 24.271326
Accuracy: 0.9702702702702702
Precision: 0.9481481481481482
Recall: 0.9696969696969697
