Training Time: 12422.814
Testing Time: 69.2112
Accuracy: 0.9621621621621622
Precision: 0.927536231884058
Recall: 0.9696969696969697
