Training Time: 6249.631
Testing Time: 6.3625665
Accuracy: 0.5974025974025974
Precision: 1.0
Recall: 0.5
