Training Time: 5.624453
Testing Time: 1.7361351
Accuracy: 0.7592592592592593
Precision: 0.85
Recall: 0.6296296296296297
