Training Time: 0.1121464
Testing Time: 0.0408363
Accuracy: 0.4074074074074074
Precision: 0.391304347826087
Recall: 0.3333333333333333
