Training Time: 19119.258
Testing Time: 0.5229554
Accuracy: 0.7777777777777778
Precision: 0.8571428571428571
Recall: 0.6666666666666666
