Training Time: 3629.1877
Testing Time: 11.9793825
Accuracy: 0.7222222222222222
Precision: 0.7727272727272727
Recall: 0.6296296296296297
