Training Time: 72.53377
Testing Time: 0.08537992
Accuracy: 0.6296296296296297
Precision: 0.6842105263157895
Recall: 0.48148148148148145
