Training Time: 4.4750576
Testing Time: 0.87137073
Accuracy: 0.8703703703703703
Precision: 0.9166666666666666
Recall: 0.8148148148148148
