Training Time: 1.7461666
Testing Time: 0.1546176
Accuracy: 0.7560975609756098
Precision: 0.8780487804878049
Recall: 1.0
