Training Time: 0.7056982
Testing Time: 0.044422
Accuracy: 0.7658536585365854
Precision: 0.8780487804878049
Recall: 1.0
