Training Time: 24.155529
Testing Time: 0.7038385
Accuracy: 0.7609756097560976
Precision: 0.8674698795180723
Recall: 1.0
