Training Time: 4.4614058
Testing Time: 0.4379119
Accuracy: 0.7658536585365854
Precision: 0.8780487804878049
Recall: 1.0
