Training Time: 161.48648
Testing Time: 7.526288
Accuracy: 0.7482014388489209
Precision: 0.0
Recall: 0.0
