Training Time: 0.9368079
Testing Time: 0.15842031
Accuracy: 0.762589928057554
Precision: 1.0
Recall: 0.05714285714285714
