Training Time: 1468.4249
Testing Time: 3.472209
Accuracy: 0.7482014388489209
Precision: 0.0
Recall: 0.0
