Training Time: 79247.016
Testing Time: 0.94919664
Accuracy: 0.7482014388489209
Precision: 0.0
Recall: 0.0
