Training Time: 420.0523
Testing Time: 21.529799
Accuracy: 0.7482014388489209
Precision: 0.0
Recall: 0.0
