Training Time: 530.1147
Testing Time: 0.18873619
Accuracy: 0.7482014388489209
Precision: 0.0
Recall: 0.0
