Training Time: 32.463978
Testing Time: 1.3794647
Accuracy: 0.7482014388489209
Precision: 0.0
Recall: 0.0
