Training Time: 171.35695
Testing Time: 4.048526
Accuracy: 0.7560137457044673
Precision: 0.8292682926829268
Recall: 0.544
