Training Time: 797.4916
Testing Time: 13.879443
Accuracy: 0.9702702702702702
Precision: 0.9416058394160584
Recall: 0.9772727272727273
