Training Time: 177107.36
Testing Time: 43.824455
Accuracy: 0.9675675675675676
Precision: 0.9411764705882353
Recall: 0.9696969696969697
