Training Time: 303.6862
Testing Time: 29.728453
Accuracy: 0.972972972972973
Precision: 0.9485294117647058
Recall: 0.9772727272727273
