Training Time: 3987.2373
Testing Time: 164.6702
Accuracy: 0.9702702702702702
Precision: 0.9481481481481482
Recall: 0.9696969696969697
