Training Time: 498.50302
Testing Time: 0.5901542
Accuracy: 0.9621621621621622
Precision: 0.9214285714285714
Recall: 0.9772727272727273
