Training Time: 23.651758
Testing Time: 0.9282128
Accuracy: 0.9756756756756757
Precision: 0.9555555555555556
Recall: 0.9772727272727273
