Training Time: 4515.643
Testing Time: 331.1229
Accuracy: 0.9384444444444444
Precision: 0.3333333333333333
Recall: 0.09090909090909091
