Training Time: 314.6224
Testing Time: 691.8074
Accuracy: 0.9413333333333334
Precision: 1.0
Recall: 0.045454545454545456
