Training Time: 2.75775
Testing Time: 0.24837779
Accuracy: 0.82
Precision: 0.6296296296296297
Recall: 0.8947368421052632
