Training Time: 44.057785
Testing Time: 0.3238465
Accuracy: 0.81
Precision: 0.5806451612903226
Recall: 0.9473684210526315
