Training Time: 326.06525
Testing Time: 1.5784607
Accuracy: 0.87
Precision: 0.6206896551724138
Recall: 0.9473684210526315
