Training Time: 10.696868
Testing Time: 1.4828857
Accuracy: 0.7355072463768116
Precision: 0.7763157894736842
Recall: 0.5130434782608696
