Training Time: 27.944315
Testing Time: 3.9837685
Accuracy: 0.7427536231884058
Precision: 0.775
Recall: 0.5391304347826087
