Training Time: 410.85013
Testing Time: 0.2002915
Accuracy: 0.782608695652174
Precision: 0.7835051546391752
Recall: 0.6608695652173913
