Training Time: 2.0068474
Testing Time: 0.0565512
Accuracy: 0.7644927536231884
Precision: 0.7403846153846154
Recall: 0.6695652173913044
