Training Time: 1.4387528
Testing Time: 0.1883272
Accuracy: 0.9
Precision: 1.0
Recall: 0.9166666666666666
