Training Time: 3.309348
Testing Time: 0.3057899
Accuracy: 0.9
Precision: 1.0
Recall: 0.9166666666666666
