Training Time: 0.2361515
Testing Time: 0.16591969
Accuracy: 0.6871880199667221
Precision: 0.5788288288288288
Recall: 0.9961240310077519
