Training Time: 1.006893
Testing Time: 0.1326404
Accuracy: 0.7482014388489209
Precision: 0.0
Recall: 0.0
