Training Time: 2168.3171
Testing Time: 4.7686276
Accuracy: 0.7482014388489209
Precision: 0.0
Recall: 0.0
