Training Time: 14947.508
Testing Time: 61.08212
Accuracy: 0.7482014388489209
Precision: 0.0
Recall: 0.0
