Training Time: 1592.9443
Testing Time: 7.903962
Accuracy: 0.8666666666666667
Precision: 0.8461538461538461
Recall: 0.9166666666666666
