Training Time: 24.276564
Testing Time: 0.5866148
Accuracy: 0.8666666666666667
Precision: 0.9166666666666666
Recall: 0.9166666666666666
