Training Time: 163.35452
Testing Time: 286.361
Accuracy: 0.995944192083063
Precision: 0.9804804804804805
Recall: 0.9819548872180451
