Training Time: 1.270682
Testing Time: 1.8918933
Accuracy: 0.996268656716418
Precision: 0.9908256880733946
Recall: 0.9744360902255639
