Training Time: 1714.8224
Testing Time: 252.50084
Accuracy: 0.9954574951330305
Precision: 0.9833080424886191
Recall: 0.9744360902255639
