Training Time: 2945.9517
Testing Time: 13.109124
Accuracy: 0.9972420506164829
Precision: 0.9821428571428571
Recall: 0.9924812030075187
