Training Time: 0.78298545
Testing Time: 0.0794729
Accuracy: 0.7658536585365854
Precision: 0.8780487804878049
Recall: 1.0
