Training Time: 1321.8883
Testing Time: 3.078509
Accuracy: 0.7658536585365854
Precision: 0.8780487804878049
Recall: 1.0
