Training Time: 62.729298
Testing Time: 8.971646
Accuracy: 0.775609756097561
Precision: 0.8780487804878049
Recall: 1.0
