Training Time: 4.5621047
Testing Time: 0.5461728
Accuracy: 0.95
Precision: 1.0
Recall: 0.9
