Training Time: 0.0551359
Testing Time: 0.0286656
Accuracy: 0.85
Precision: 0.8181818181818182
Recall: 0.9
