Training Time: 806.40265
Testing Time: 8.326443
Accuracy: 0.85
Precision: 0.8181818181818182
Recall: 0.9
