Training Time: 4731.6216
Testing Time: 3.69463
Accuracy: 0.8
Precision: 0.7142857142857143
Recall: 1.0
