Training Time: 0.90293336
Testing Time: 0.2165248
Accuracy: 0.7037037037037037
Precision: 0.8666666666666667
Recall: 0.48148148148148145
