Training Time: 0.0884412
Testing Time: 0.0319384
Accuracy: 0.5370370370370371
Precision: 0.5357142857142857
Recall: 0.5555555555555556
