Training Time: 24.539541
Testing Time: 0.2301096
Accuracy: 0.7962962962962963
Precision: 0.8333333333333334
Recall: 0.7407407407407407
