Training Time: 178.07042
Testing Time: 0.17111209
Accuracy: 0.5740740740740741
Precision: 0.5833333333333334
Recall: 0.5185185185185185
