Training Time: 13319.259
Testing Time: 0.2510923
Accuracy: 0.7407407407407407
Precision: 0.8095238095238095
Recall: 0.6296296296296297
