Training Time: 0.5849825
Testing Time: 0.089898095
Accuracy: 0.8888888888888888
Precision: 0.9565217391304348
Recall: 0.8148148148148148
