Training Time: 0.0714326
Testing Time: 0.0425642
Accuracy: 0.75
Precision: 0.8571428571428571
Recall: 0.6
