Training Time: 10.199723
Testing Time: 0.5681582
Accuracy: 0.75
Precision: 1.0
Recall: 0.5
