Training Time: 4.521077
Testing Time: 0.35341048
Accuracy: 0.7282608695652174
Precision: 0.7325581395348837
Recall: 0.5478260869565217
