Training Time: 1.2032564
Testing Time: 0.0531691
Accuracy: 0.7065217391304348
Precision: 0.6847826086956522
Recall: 0.5478260869565217
