Training Time: 59.650997
Testing Time: 2.0810006
Accuracy: 0.6702898550724637
Precision: 0.7222222222222222
Recall: 0.3391304347826087
