Training Time: 283.7628
Testing Time: 0.7521141
Accuracy: 0.7427536231884058
Precision: 0.7619047619047619
Recall: 0.5565217391304348
