Training Time: 89.08376
Testing Time: 5.4507394
Accuracy: 0.72
Precision: 0.7570093457943925
Recall: 0.648
