Training Time: 0.6817894
Testing Time: 0.13577501
Accuracy: 0.64
Precision: 0.6576576576576577
Recall: 0.584
