Training Time: 1086.3986
Testing Time: 9.652879
Accuracy: 0.74
Precision: 0.7380952380952381
Recall: 0.744
