Training Time: 37.66364
Testing Time: 7.75635
Accuracy: 0.9702702702702702
Precision: 0.9416058394160584
Recall: 0.9772727272727273
