Training Time: 1.1149572
Testing Time: 0.0920278
Accuracy: 0.9243243243243243
Precision: 0.8823529411764706
Recall: 0.9090909090909091
