Training Time: 139.58896
Testing Time: 20.655514
Accuracy: 0.9675675675675676
Precision: 0.9347826086956522
Recall: 0.9772727272727273
