Training Time: 1.4525108
Testing Time: 0.2291514
Accuracy: 1.0
Precision: 1.0
Recall: 1.0
