Training Time: 0.21057661
Testing Time: 0.0309032
Accuracy: 0.8761904761904762
Precision: 1.0
Recall: 0.8
