Training Time: 23.509977
Testing Time: 0.5212704
Accuracy: 1.0
Precision: 1.0
Recall: 1.0
