Training Time: 166.01785
Testing Time: 0.13599779
Accuracy: 1.0
Precision: 1.0
Recall: 1.0
