Training Time: 31486.006
Testing Time: 0.83141625
Accuracy: 0.9809523809523809
Precision: 1.0
Recall: 1.0
