Training Time: 103.51663
Testing Time: 17.140835
Accuracy: 0.9904761904761905
Precision: 1.0
Recall: 0.9
