Training Time: 0.9471183
Testing Time: 0.080709
Accuracy: 1.0
Precision: 1.0
Recall: 1.0
