Training Time: 0.0451161
Testing Time: 0.1345928
Accuracy: 0.5707154742096506
Precision: 0.5
Recall: 0.9961240310077519
