Training Time: 0.0255258
Testing Time: 0.0841455
Accuracy: 0.6988352745424293
Precision: 0.5889145496535797
Recall: 0.9883720930232558
