Training Time: 8.523463
Testing Time: 0.12568009
Accuracy: 0.7004991680532446
Precision: 0.5928571428571429
Recall: 0.9651162790697675
